  -3.03569818    
  -3.00601411    
  -2.64435577    
  -2.57557821    
  -2.41066456    
  -2.24830341    
  -2.23227239    
  -2.08552051    
  -1.95685256    
  -1.86595738    
  -1.85062361    
  -1.77777338    
  -1.73737979    
  -1.73649490    
  -1.67848182    
  -1.60594761    
  -1.56813633    
  -1.55515969    
  -1.39838612    
  -1.39029658    
  -1.28962779    
  -1.19286203    
  -1.16696632    
  -1.16178894    
  -1.16123974    
  -1.08757567    
 -0.975775361    
 -0.935674727    
 -0.840834379    
 -0.830126047    
 -0.762349904    
 -0.742109716    
 -0.550186515    
 -0.525188804    
 -0.471474528    
 -0.460748255    
 -0.310100287    
 -0.299315721    
 -0.241451427    
 -0.228261948    
 -0.218317747    
 -0.190876916    
 -0.179366201    
 -0.164116904    
 -0.130657881    
  -5.93917742E-02
  -1.66137386E-02
  -7.22734956E-03
  -4.53354558E-03
  -3.67089320E-04
  -1.61189689E-07
   3.67397093E-04
   4.53358935E-03
   7.22674793E-03
   1.66136622E-02
   5.93919307E-02
  0.130657896    
  0.164116636    
  0.179366410    
  0.190876931    
  0.218317285    
  0.228261486    
  0.241451725    
  0.299315214    
  0.310100317    
  0.460748225    
  0.471474379    
  0.525188565    
  0.550186157    
  0.742109716    
  0.762349367    
  0.830125868    
  0.840834320    
  0.935674906    
  0.975775242    
   1.08757567    
   1.16123998    
   1.16178906    
   1.16696644    
   1.19286203    
   1.28962779    
   1.39029682    
   1.39838636    
   1.55515957    
   1.56813669    
   1.60594714    
   1.67848182    
   1.73649490    
   1.73737979    
   1.77777529    
   1.85062349    
   1.86595702    
   1.95685256    
   2.08552122    
   2.23227262    
   2.24830365    
   2.41066432    
   2.57557774    
   2.64435530    
   3.00601339    
   3.03569961    
  -2.89317465    
  -2.78818822    
  -2.78563619    
  -2.64481187    
  -2.36411262    
  -2.28361487    
  -2.14645457    
  -2.12663126    
  -1.91279614    
  -1.90618634    
  -1.87840080    
  -1.84504282    
  -1.72999418    
  -1.70986140    
  -1.58816433    
  -1.50640082    
  -1.47541559    
  -1.43469024    
  -1.39797354    
  -1.37853122    
  -1.31636107    
  -1.31450844    
  -1.29946554    
  -1.19074130    
  -1.18749988    
  -1.13888717    
  -1.06997991    
  -1.06277239    
 -0.837601125    
 -0.638359249    
 -0.627781332    
 -0.626801968    
 -0.566180944    
 -0.519515097    
 -0.516486526    
 -0.469228625    
 -0.371606350    
 -0.327098817    
 -0.267964065    
 -0.242517859    
 -0.231860340    
 -0.198181108    
 -0.114267580    
  -7.49802664E-02
  -4.35993448E-02
  -3.45844850E-02
  -3.07243019E-02
  -1.22572156E-02
  -8.86667985E-03
  -8.56369175E-03
   1.89665020E-10
   8.56377929E-03
   8.86671524E-03
   1.22572724E-02
   3.07241865E-02
   3.45846489E-02
   4.35994975E-02
   7.49805197E-02
  0.114267498    
  0.198181003    
  0.231859580    
  0.242518231    
  0.267964095    
  0.327098578    
  0.371606469    
  0.469228268    
  0.516486526    
  0.519515157    
  0.566181362    
  0.626801908    
  0.627781332    
  0.638359308    
  0.837602258    
   1.06277180    
   1.06997979    
   1.13888693    
   1.18750000    
   1.19074202    
   1.29946458    
   1.31450856    
   1.31636107    
   1.37853098    
   1.39797366    
   1.43469048    
   1.47541535    
   1.50640130    
   1.58816397    
   1.70986187    
   1.72999418    
   1.84504330    
   1.87840033    
   1.90618610    
   1.91279566    
   2.12663078    
   2.14645386    
   2.28361559    
   2.36411262    
   2.64481187    
   2.78563786    
   2.78818941    
   2.89317513    
  -3.45357513    
  -3.23734283    
  -3.12136960    
  -2.29108500    
  -2.12811494    
  -2.09407544    
  -2.04995823    
  -2.02004266    
  -1.94121575    
  -1.90723228    
  -1.90452838    
  -1.71382606    
  -1.68735301    
  -1.65037370    
  -1.41605413    
  -1.41192245    
  -1.40123403    
  -1.38213146    
  -1.37975216    
  -1.37532604    
  -1.33341551    
  -1.32384682    
  -1.29000413    
  -1.21075094    
  -1.01824331    
 -0.974351346    
 -0.928232908    
 -0.923042834    
 -0.884907842    
 -0.845937371    
 -0.731555343    
 -0.673824787    
 -0.664039969    
 -0.610246003    
 -0.554897785    
 -0.478314459    
 -0.412715256    
 -0.383097708    
 -0.373273700    
 -0.359456986    
 -0.312766612    
 -0.274635792    
 -0.235135496    
 -0.222098708    
 -0.156964287    
 -0.133605242    
  -4.53784876E-02
  -2.80024167E-02
  -1.39893196E-03
  -6.31175790E-05
   0.00000000    
   6.30450304E-05
   1.39876595E-03
   2.80024745E-02
   4.53788340E-02
  0.133605257    
  0.156964272    
  0.222098708    
  0.235136062    
  0.274635285    
  0.312767357    
  0.359457225    
  0.373273700    
  0.383097142    
  0.412715226    
  0.478314787    
  0.554898024    
  0.610246181    
  0.664040208    
  0.673825085    
  0.731555581    
  0.845937550    
  0.884907782    
  0.923042715    
  0.928233206    
  0.974351585    
   1.01824307    
   1.21075082    
   1.29000366    
   1.32384658    
   1.33341658    
   1.37532640    
   1.37975252    
   1.38213027    
   1.40123355    
   1.41192293    
   1.41605341    
   1.65037405    
   1.68735445    
   1.71382618    
   1.90452838    
   1.90723050    
   1.94121480    
   2.02004242    
   2.04995656    
   2.09407926    
   2.12811565    
   2.29108548    
   3.12137151    
   3.23734212    
   3.45357370    
  -4.15334320    
  -2.96468472    
  -2.78355908    
  -2.47008538    
  -2.29737210    
  -2.23002768    
  -2.15217137    
  -2.09100437    
  -1.98662412    
  -1.93260217    
  -1.86587763    
  -1.81910861    
  -1.81677628    
  -1.62106740    
  -1.61872029    
  -1.58901703    
  -1.53372180    
  -1.28265405    
  -1.24077153    
  -1.18192756    
  -1.14270186    
 -0.990350842    
 -0.969103277    
 -0.826384127    
 -0.816331685    
 -0.812912941    
 -0.776987970    
 -0.754640043    
 -0.704778314    
 -0.638209701    
 -0.598369181    
 -0.495850116    
 -0.480302662    
 -0.448967606    
 -0.410731196    
 -0.374308527    
 -0.358274788    
 -0.354911208    
 -0.339654356    
 -0.297359169    
 -0.228018805    
 -0.188228384    
 -0.133118048    
 -0.110568121    
  -9.98142362E-02
  -4.01210710E-02
  -2.82109957E-02
  -1.06584942E-02
  -4.56746435E-03
  -2.59665626E-07
   0.00000000    
   2.54544030E-08
   4.56723617E-03
   1.06587959E-02
   2.82110665E-02
   4.01211642E-02
   9.98137817E-02
  0.110568039    
  0.133117795    
  0.188228488    
  0.228018805    
  0.297359109    
  0.339653969    
  0.354911119    
  0.358274341    
  0.374308646    
  0.410731345    
  0.448967785    
  0.480303288    
  0.495849788    
  0.598369598    
  0.638209224    
  0.704777718    
  0.754640102    
  0.776988268    
  0.812913120    
  0.816332102    
  0.826384306    
  0.969103396    
  0.990350425    
   1.14270175    
   1.18192756    
   1.24077129    
   1.28265274    
   1.53372324    
   1.58901703    
   1.61872053    
   1.62106657    
   1.81677580    
   1.81910884    
   1.86587775    
   1.93260181    
   1.98662329    
   2.09100389    
   2.15217137    
   2.23002768    
   2.29737234    
   2.47008514    
   2.78355908    
   2.96468401    
   4.15334272    
  -3.76637077    
  -2.36711335    
  -2.32336283    
  -2.13816333    
  -2.10344243    
  -2.07891250    
  -2.01707339    
  -1.93269777    
  -1.92269814    
  -1.89866817    
  -1.88498163    
  -1.84468150    
  -1.75982273    
  -1.75658154    
  -1.70734727    
  -1.69957745    
  -1.64477980    
  -1.47159100    
  -1.43352365    
  -1.35407841    
  -1.34479606    
  -1.25750530    
  -1.25327957    
  -1.19134104    
  -1.18611491    
  -1.13799262    
  -1.08191741    
  -1.04366136    
 -0.937374115    
 -0.879701853    
 -0.873444736    
 -0.804892719    
 -0.769232988    
 -0.740990102    
 -0.722410202    
 -0.606060743    
 -0.579944372    
 -0.571561217    
 -0.496716827    
 -0.397644103    
 -0.319321871    
 -0.286565453    
 -0.249846667    
 -0.187930211    
 -0.147851646    
 -0.141561419    
 -0.111404724    
  -7.55150169E-02
  -5.01605906E-02
  -4.32519882E-05
  -5.20005798E-08
   4.28663043E-05
   5.01606427E-02
   7.55153894E-02
  0.111404397    
  0.141561493    
  0.147851512    
  0.187930048    
  0.249846369    
  0.286565453    
  0.319321752    
  0.397644132    
  0.496716887    
  0.571561217    
  0.579944193    
  0.606060803    
  0.722409725    
  0.740990162    
  0.769233346    
  0.804892719    
  0.873443842    
  0.879702389    
  0.937373936    
   1.04366112    
   1.08191741    
   1.13799262    
   1.18611491    
   1.19134033    
   1.25327933    
   1.25750530    
   1.34479547    
   1.35407829    
   1.43352342    
   1.47159088    
   1.64477968    
   1.69957745    
   1.70734715    
   1.75658178    
   1.75982261    
   1.84468114    
   1.88498163    
   1.89866817    
   1.92269850    
   1.93269825    
   2.01707387    
   2.07891226    
   2.10344243    
   2.13816333    
   2.32336307    
   2.36711383    
   3.76637101    
