  0.999999166    
  0.999946475    
  0.999787807    
  0.999524295    
  0.999156296    
  0.998685539    
  0.998113334    
  0.997442305    
  0.996673822    
  0.995811462    
  0.994857371    
  0.993815362    
  0.992688954    
  0.991481543    
  0.990197003    
  0.988839924    
  0.987414658    
  0.985925853    
  0.984377742    
  0.982775748    
  0.981124461    
  0.979428589    
  0.977693856    
  0.975924909    
  0.974126279    
  0.972304642    
  0.970462799    
  0.968607783    
  0.966742873    
  0.964873910    
  0.963004768    
  0.961140156    
  0.959284782    
  0.957442224    
  0.955616891    
  0.953812480    
  0.952032864    
  0.950280547    
  0.948560059    
  0.946873307    
  0.945223451    
  0.943613112    
  0.942044377    
  0.940519333    
  0.939039886    
  0.937608004    
  0.936224341    
  0.934890509    
  0.933607757    
  0.932375908    
  0.931196988    
  0.930070221    
  0.928995967    
  0.927974880    
  0.927005470    
  0.926089108    
  0.925224066    
  0.924410582    
  0.923647761    
  0.922934115    
  0.922269702    
  0.921652734    
  0.921082556    
  0.920557678    
  0.920077145    
  0.919639587    
  0.919243276    
  0.918887079    
  0.918569744    
  0.918289542    
  0.918045223    
  0.917835057    
  0.917657673    
  0.917511761    
  0.917395771    
  0.917308033    
  0.917247295    
  0.917212009    
  0.917201400    
  0.917213321    
  0.917246997    
  0.917300999    
  0.917373955    
  0.917465270    
  0.917573392    
  0.917697310    
  0.917835712    
  0.917988062    
  0.918153346    
  0.918330908    
  0.918519497    
  0.918718398    
  0.918927312    
  0.919144988    
  0.919371545    
  0.919606328    
  0.919847906    
  0.920097053    
  0.920352638    
  0.920614541    
  0.920882106    
  0.921155632    
  0.921434462    
  0.921718299    
  0.922007322    
  0.922301292    
  0.922599733    
  0.922902882    
  0.923210263    
  0.923521936    
  0.923837841    
  0.924158096    
  0.924481988    
  0.924809813    
  0.925141394    
  0.925476253    
  0.925814569    
  0.926155746    
  0.926499844    
  0.926846385    
  0.927194417    
  0.927543938    
  0.927894592    
  0.928245366    
  0.928596020    
  0.928945184    
  0.929292083    
  0.929636180    
  0.929975629    
  0.930309832    
  0.930637062    
  0.930956364    
  0.931266367    
  0.931564808    
  0.931849837    
  0.932120144    
  0.932373703    
  0.932608426    
  0.932821751    
  0.933012128    
  0.933176219    
  0.933312297    
  0.933418155    
  0.933490396    
  0.933526635    
  0.933524013    
  0.933480322    
  0.933392465    
  0.933257818    
  0.933073580    
  0.932836950    
  0.932545483    
  0.932196021    
  0.931786776    
  0.931315005    
  0.930777848    
  0.930173695    
  0.929499865    
  0.928755045    
  0.927937210    
  0.927044392    
  0.926075459    
  0.925029159    
  0.923904777    
  0.922701180    
  0.921418607    
  0.920056105    
  0.918613970    
  0.917092264    
  0.915492415    
  0.913814366    
  0.912060022    
  0.910230756    
  0.908328176    
  0.906354547    
  0.904311955    
  0.902203083    
  0.900030911    
  0.897798359    
  0.895509005    
  0.893166721    
  0.890774906    
  0.888337493    
  0.885858953    
  0.883343875    
  0.880796432    
  0.878221750    
  0.875624299    
  0.873008728    
  0.870380163    
  0.867744029    
  0.865104675    
  0.862467587    
  0.859837472    
  0.857219577    
  0.854618430    
  0.852038860    
  0.849485815    
  0.846963823    
  0.844477117    
  0.842030406    
  0.839627087    
  0.837271810    
  0.834968150    
  0.832719147    
  0.830528319    
  0.828398824    
  0.826333404    
  0.824334562    
  0.822404683    
  0.820545733    
  0.818759263    
  0.817047119    
  0.815410376    
  0.813849747    
  0.812366128    
  0.810960174    
  0.809631586    
  0.808380365    
  0.807206631    
  0.806109548    
  0.805087507    
  0.804140866    
  0.803267717    
  0.802466154    
  0.801735163    
  0.801072776    
  0.800476968    
  0.799945474    
  0.799476564    
  0.799066663    
  0.798714399    
  0.798416555    
  0.798170626    
  0.797973394    
  0.797822297    
  0.797714233    
  0.797645986    
  0.797615111    
  0.797617853    
  0.797651827    
  0.797713339    
  0.797799587    
  0.797907770    
  0.798034191    
  0.798177004    
  0.798332214    
  0.798497736    
  0.798669636    
  0.798846304    
  0.799024463    
  0.799201787    
  0.799375296    
  0.799542964    
  0.799702227    
  0.799850523    
  0.799986362    
  0.800106823    
  0.800210655    
  0.800295353    
  0.800359547    
  0.800401390    
  0.800419152    
  0.800411403    
  0.800376415    
  0.800313473    
  0.800220907    
  0.800097525    
  0.799942911    
  0.799755633    
  0.799534619    
  0.799279571    
  0.798989594    
  0.798664033    
  0.798302591    
  0.797904491    
  0.797469676    
  0.796997726    
  0.796488881    
  0.795942545    
  0.795358360    
  0.794736743    
  0.794077694    
  0.793381393    
  0.792648077    
  0.791877925    
  0.791071177    
  0.790227950    
  0.789348722    
  0.788433731    
  0.787483692    
  0.786499143    
  0.785480082    
  0.784427285    
  0.783341229    
  0.782222390    
  0.781071186    
  0.779887974    
  0.778673768    
  0.777428567    
  0.776153207    
  0.774848104    
  0.773513198    
  0.772149563    
  0.770757318    
  0.769336820    
  0.767888367    
  0.766412437    
  0.764908969    
  0.763378501    
  0.761820912    
  0.760236859    
  0.758625925    
  0.756988466    
  0.755324483    
  0.753633916    
  0.751916766    
  0.750173211    
  0.748403132    
  0.746606052    
  0.744782627    
  0.742932081    
  0.741054893    
  0.739150345    
  0.737219095    
  0.735260606    
  0.733274460    
  0.731262207    
  0.729222417    
  0.727155626    
  0.725062370    
  0.722942173    
  0.720796108    
  0.718624413    
  0.716427326    
  0.714205444    
  0.711959541    
  0.709690928    
  0.707399428    
  0.705087245    
  0.702754855    
  0.700403869    
  0.698034942    
  0.695650458    
  0.693251848    
  0.690840662    
  0.688418865    
  0.685988665    
  0.683551967    
  0.681111395    
  0.678668857    
  0.676226795    
  0.673788369    
  0.671355426    
  0.668931186    
  0.666518271    
  0.664119482    
  0.661737502    
  0.659375906    
  0.657036483    
  0.654723406    
  0.652438402    
  0.650185227    
  0.647966266    
  0.645784497    
  0.643642485    
  0.641542971    
  0.639488399    
  0.637481451    
  0.635524452    
  0.633619487    
  0.631768525    
  0.629973650    
  0.628236473    
  0.626558900    
  0.624941945    
  0.623387218    
  0.621895552    
  0.620467722    
  0.619104266    
  0.617806256    
  0.616573036    
  0.615404904    
  0.614301920    
  0.613263190    
  0.612288654    
  0.611376643    
  0.610526919    
  0.609737515    
  0.609007299    
  0.608334661    
  0.607717454    
  0.607153952    
  0.606642067    
  0.606179059    
  0.605762482    
  0.605389357    
  0.605057538    
  0.604764104    
  0.604505002    
  0.604278386    
  0.604080379    
  0.603907883    
  0.603757441    
  0.603625715    
  0.603509307    
  0.603405118    
  0.603309035    
  0.603218079    
  0.603128970    
  0.603038132    
  0.602942228    
  0.602837920    
  0.602722228    
  0.602592111    
  0.602444232    
  0.602275491    
  0.602083981    
  0.601865828    
  0.601619065    
  0.601341069    
  0.601029158    
  0.600681484    
  0.600296021    
  0.599870384    
  0.599403203    
  0.598892570    
  0.598337054    
  0.597735167    
  0.597085774    
  0.596387923    
  0.595640421    
  0.594842553    
  0.593993425    
  0.593093038    
  0.592140555    
  0.591135800    
  0.590078831    
  0.588969231    
  0.587807536    
  0.586593628    
  0.585327923    
  0.584010601    
  0.582642734    
  0.581224561    
  0.579756737    
  0.578239977    
  0.576675594    
  0.575064123    
  0.573406994    
  0.571704805    
  0.569959044    
  0.568170488    
  0.566341043    
  0.564471722    
  0.562563777    
  0.560618758    
  0.558638096    
  0.556623340    
  0.554575980    
  0.552497566    
  0.550389647    
  0.548253775    
  0.546091795    
  0.543905139    
  0.541695654    
  0.539464831    
  0.537214160    
  0.534945607    
  0.532660723    
  0.530361056    
  0.528048456    
  0.525724530    
  0.523390710    
  0.521048784    
  0.518699884    
  0.516345978    
  0.513988495    
  0.511628807    
  0.509268224    
  0.506908357    
  0.504550457    
  0.502195895    
  0.499845743    
  0.497501105    
  0.495163679    
  0.492834002    
  0.490513146    
  0.488202453    
  0.485902697    
  0.483614475    
  0.481338799    
  0.479076654    
  0.476828396    
  0.474594712    
  0.472376078    
  0.470173687    
  0.467987299    
  0.465817899    
  0.463665605    
  0.461530864    
  0.459414214    
  0.457315803    
  0.455235898    
  0.453174651    
  0.451132596    
  0.449109793    
  0.447106719    
  0.445123106    
  0.443159699    
  0.441216439    
  0.439293355    
  0.437391102    
  0.435509801    
  0.433649361    
  0.431810439    
  0.429993182    
  0.428197771    
  0.426424950    
  0.424674302    
  0.422946960    
  0.421243072    
  0.419562876    
  0.417907149    
  0.416275978    
  0.414670050    
  0.413089901    
  0.411536247    
  0.410008937    
  0.408509105    
  0.407036871    
  0.405593038    
  0.404177994    
  0.402792424    
  0.401436567    
  0.400110841    
  0.398816109    
  0.397552073    
  0.396319747    
  0.395118862    
  0.393950224    
  0.392813534    
  0.391709149    
  0.390637070    
  0.389597267    
  0.388589561    
  0.387613714    
  0.386669427    
  0.385756552    
  0.384874135    
  0.384021819    
  0.383198947    
  0.382404745    
  0.381637961    
  0.380897909    
  0.380183250    
  0.379492640    
  0.378824741    
  0.378178596    
  0.377552003    
  0.376943320    
  0.376351178    
  0.375773430    
  0.375208169    
  0.374653429    
  0.374106973    
  0.373566806    
  0.373030812    
  0.372496426    
  0.371961355    
  0.371423692    
  0.370880663    
  0.370329767    
  0.369769216    
  0.369196266    
  0.368608862    
  0.368004262    
  0.367380589    
  0.366735339    
  0.366066724    
  0.365372181    
  0.364650011    
  0.363898367    
  0.363115311    
  0.362298876    
  0.361447722    
  0.360560447    
  0.359635115    
  0.358671367    
  0.357667357    
  0.356622249    
  0.355535090    
  0.354405820    
  0.353233129    
  0.352016896    
  0.350756675    
  0.349452585    
  0.348104537    
  0.346712619    
  0.345277041    
  0.343798161    
  0.342276722    
  0.340713143    
  0.339108437    
  0.337463111    
  0.335778356    
  0.334055156    
  0.332294941    
  0.330498457    
  0.328667492    
  0.326802969    
  0.324906915    
  0.322980404    
  0.321025252    
  0.319042981    
  0.317035079    
  0.315003604    
  0.312949717    
  0.310875833    
  0.308782965    
  0.306673378    
  0.304548502    
  0.302410394    
  0.300260603    
  0.298100770    
  0.295932710    
  0.293758243    
  0.291578919    
  0.289396644    
  0.287212431    
  0.285028666    
  0.282846332    
  0.280667454    
  0.278493226    
  0.276325166    
  0.274164796    
  0.272013545    
  0.269872904    
  0.267743856    
  0.265628070    
  0.263526529    
  0.261440575    
  0.259371370    
  0.257319927    
  0.255287588    
  0.253275156    
  0.251283735    
  0.249314368    
  0.247367725    
  0.245444730    
  0.243546277    
  0.241673231    
  0.239826009    
  0.238005340    
  0.236211985    
  0.234446347    
  0.232709065    
  0.231000364    
  0.229320928    
  0.227670774    
  0.226050422    
  0.224459842    
  0.222899392    
  0.221369088    
  0.219869107    
  0.218399286    
  0.216959655    
  0.215550065    
  0.214170292    
  0.212820277    
  0.211499557    
  0.210207894    
  0.208944902    
  0.207710311    
  0.206503466    
  0.205323890    
  0.204171106    
  0.203044444    
  0.201943353    
  0.200867072    
  0.199815094    
  0.198786482    
  0.197780788    
  0.196797028    
  0.195834517    
  0.194892436    
  0.193970039    
  0.193066373    
  0.192180812    
  0.191312432    
  0.190460429    
  0.189623982    
  0.188802332    
  0.187994570    
  0.187200055    
  0.186417863    
  0.185647339    
  0.184887677    
  0.184138224    
  0.183398157    
  0.182666704    
  0.181943372    
  0.181227475    
  0.180518255    
  0.179815188    
  0.179117650    
  0.178425163    
  0.177736968    
  0.177052528    
  0.176371530    
  0.175693244    
  0.175017282    
  0.174343020    
  0.173670113    
  0.172997937    
  0.172326148    
  0.171654135    
  0.170981541    
  0.170307785    
  0.169632524    
  0.168955043    
  0.168275073    
  0.167591974    
  0.166905358    
  0.166214526    
  0.165519103    
  0.164818302    
  0.164111957    
  0.163399115    
  0.162679508    
  0.161952302    
  0.161216885    
  0.160472870    
  0.159719363    
  0.158955887    
  0.158181876    
  0.157396495    
  0.156599253    
  0.155789539    
  0.154966608    
  0.154129982    
  0.153278917    
  0.152412996    
  0.151531532    
  0.150634035    
  0.149720103    
  0.148789063    
  0.147840768    
  0.146874502    
  0.145890281    
  0.144887418    
  0.143866077    
  0.142825738    
  0.141766533    
  0.140688196    
  0.139590815    
  0.138474360    
  0.137339041    
  0.136185169    
  0.135012716    
  0.133822218    
  0.132614031    
  0.131388560    
  0.130146384    
  0.128888145    
  0.127614304    
  0.126325831    
  0.125023246    
  0.123707570    
  0.122379549    
  0.121040158    
  0.119690396    
  0.118331172    
  0.116963580    
  0.115588635    
  0.114207499    
  0.112821206    
  0.111431010    
  0.110037878    
  0.108643077    
  0.107247733    
  0.105852850    
  0.104459696    
  0.103069328    
  0.101682909    
  0.100301392    
   9.89260003E-02
   9.75576118E-02
   9.61972922E-02
   9.48460251E-02
   9.35047045E-02
   9.21742320E-02
   9.08555239E-02
   8.95492136E-02
   8.82562846E-02
   8.69773328E-02
   8.57131407E-02
   8.44642296E-02
   8.32313076E-02
   8.20148513E-02
   8.08154270E-02
   7.96334147E-02
   7.84693584E-02
   7.73236528E-02
   7.61964619E-02
   7.50883073E-02
   7.39993975E-02
   7.29298443E-02
   7.18800649E-02
   7.08500668E-02
   6.98399916E-02
   6.88500404E-02
   6.78802431E-02
   6.69306144E-02
   6.60011843E-02
   6.50919974E-02
   6.42030239E-02
   6.33341894E-02
   6.24854490E-02
   6.16567098E-02
   6.08478189E-02
   6.00586832E-02
   5.92891127E-02
   5.85390776E-02
   5.78082241E-02
   5.70964813E-02
   5.64035438E-02
   5.57292663E-02
   5.50732799E-02
   5.44354804E-02
   5.38154170E-02
   5.32129407E-02
   5.26276380E-02
   5.20592183E-02
   5.15073203E-02
   5.09716012E-02
   5.04516289E-02
   4.99470606E-02
   4.94574569E-02
   4.89824265E-02
   4.85214554E-02
   4.80741076E-02
   4.76399064E-02
   4.72183451E-02
   4.68089283E-02
   4.64111455E-02
   4.60243523E-02
   4.56481017E-02
   4.52817455E-02
   4.49247435E-02
   4.45764400E-02
   4.42362949E-02
   4.39036041E-02
   4.35778238E-02
   4.32582423E-02
   4.29442562E-02
   4.26352024E-02
   4.23304401E-02
   4.20293063E-02
   4.17311341E-02
   4.14353013E-02
   4.11411449E-02
   4.08480577E-02
   4.05553579E-02
   4.02624868E-02
   3.99687849E-02
   3.96737084E-02
   3.93766239E-02
   3.90770510E-02
   3.87743749E-02
   3.84682007E-02
   3.81579325E-02
   3.78431827E-02
   3.75234410E-02
   3.71984206E-02
   3.68676521E-02
   3.65308411E-02
   3.61877084E-02
   3.58379260E-02
   3.54813337E-02
   3.51176597E-02
   3.47467922E-02
   3.43685895E-02
   3.39829214E-02
   3.35898064E-02
   3.31891254E-02
   3.27809714E-02
   3.23653109E-02
   3.19423079E-02
   3.15120034E-02
   3.10745724E-02
   3.06301303E-02
   3.01789492E-02
   2.97211483E-02
   2.92570665E-02
   2.87868883E-02
   2.83109397E-02
   2.78294962E-02
   2.73428913E-02
   2.68514641E-02
   2.63555534E-02
   2.58555114E-02
   2.53517516E-02
   2.48445813E-02
   2.43344717E-02
   2.38217376E-02
   2.33068131E-02
   2.27901097E-02
   2.22720262E-02
   2.17529293E-02
   2.12332904E-02
   2.07134616E-02
   2.01938730E-02
   1.96749307E-02
   1.91570185E-02
   1.86405573E-02
   1.81259420E-02
   1.76135451E-02
   1.71037614E-02
   1.65969767E-02
   1.60935633E-02
   1.55939246E-02
   1.50983790E-02
   1.46073326E-02
   1.41210994E-02
   1.36400685E-02
   1.31645445E-02
   1.26948906E-02
   1.22314142E-02
   1.17744599E-02
   1.13242986E-02
   1.08812647E-02
   1.04456171E-02
   1.00176688E-02
   9.59765259E-03
   9.18584689E-03
   8.78246967E-03
   8.38777982E-03
   8.00196547E-03
   7.62524549E-03
   7.25779170E-03
   6.89976243E-03
   6.55133184E-03
   6.21260982E-03
   5.88373281E-03
   5.56477159E-03
   5.25583141E-03
   4.95695835E-03
   4.66819154E-03
   4.38955287E-03
   4.12103813E-03
   3.86264315E-03
   3.61431064E-03
   3.37601267E-03
   3.14764632E-03
   2.92915152E-03
   2.72038719E-03
   2.52125645E-03
   2.33159587E-03
   2.15127040E-03
   1.98009820E-03
   1.81790185E-03
   1.66448904E-03
   1.51964976E-03
   1.38317957E-03
   1.25484797E-03
   1.13443623E-03
   1.02169684E-03
   9.16403544E-04
   8.18298489E-04
   7.27149483E-04
   6.42698666E-04
   5.64704475E-04
   4.92915628E-04
   4.27087245E-04
   3.66974884E-04
   3.12339631E-04
   2.62943620E-04
   2.18555331E-04
   1.78947332E-04
   1.43899320E-04
   1.13194998E-04
   8.66262999E-05
   6.39915743E-05
   4.50957923E-05
   2.97516581E-05
   1.77797247E-05
   9.00575833E-06
   3.26645909E-06
   4.03215324E-07
   2.66635197E-07
   2.71395129E-06
   7.60963167E-06
   1.48263671E-05
   2.42416063E-05
   3.57433382E-05
   4.92218896E-05
   6.45795226E-05
   8.17180262E-05
   1.00553967E-04
   1.21002638E-04
   1.42991179E-04
   1.66448488E-04
   1.91313025E-04
   2.17526293E-04
   2.45038362E-04
   2.73804006E-04
   3.03782377E-04
   3.34944227E-04
   3.67258239E-04
   4.00709891E-04
   4.35279479E-04
   4.70964471E-04
   5.07767487E-04
   5.45684074E-04
   5.84743975E-04
   6.24956039E-04
   6.66357519E-04
   7.08981068E-04
   7.52878608E-04
   7.98097753E-04
   8.44710448E-04
   8.92783049E-04
   9.42398619E-04
   9.93651920E-04
   1.04663766E-03
   1.10148150E-03
   1.15828821E-03
   1.21721043E-03
   1.27837237E-03
   1.34194642E-03
   1.40808499E-03
   1.47697923E-03
   1.54880190E-03
   1.62377267E-03
   1.70208665E-03
   1.78397947E-03
   1.86967885E-03
   1.95943797E-03
   2.05351016E-03
   2.15216726E-03
   2.25569052E-03
   2.36436701E-03
   2.47849873E-03
   2.59839417E-03
   2.72437418E-03
   2.85676308E-03
   2.99589545E-03
   3.14210984E-03
   3.29575432E-03
   3.45717859E-03
   3.62672796E-03
   3.80477356E-03
   3.99164949E-03
   4.18773200E-03
   4.39334568E-03
   4.60886443E-03
   4.83460445E-03
   5.07092196E-03
   5.31811127E-03
   5.57651510E-03
   5.84639749E-03
   6.12806994E-03
   6.42176531E-03
   6.72776205E-03
   7.04626739E-03
   7.37747783E-03
   7.72158615E-03
   8.07872880E-03
   8.44904501E-03
   8.83259717E-03
   9.22949519E-03
   9.63971950E-03
   1.00633288E-02
   1.05002271E-02
   1.09504163E-02
   1.14137297E-02
   1.18900836E-02
   1.23792980E-02
   1.28811523E-02
   1.33954482E-02
   1.39218830E-02
   1.44601809E-02
   1.50099853E-02
   1.55709721E-02
   1.61426980E-02
   1.67247988E-02
   1.73167884E-02
   1.79182030E-02
   1.85285956E-02
   1.91473849E-02
   1.97741091E-02
   2.04081275E-02
   2.10489538E-02
   2.16959529E-02
   2.23485865E-02
   2.30061822E-02
   2.36682091E-02
   2.43339743E-02
   2.50029266E-02
   2.56743822E-02
   2.63477489E-02
   2.70224251E-02
   2.76977587E-02
   2.83731725E-02
   2.90480424E-02
   2.97217946E-02
   3.03938054E-02
   3.10635623E-02
   3.17304581E-02
   3.23939584E-02
   3.30535658E-02
   3.37087624E-02
   3.43590491E-02
   3.50039639E-02
   3.56431007E-02
   3.62759791E-02
   3.69022898E-02
   3.75215486E-02
   3.81335504E-02
   3.87378931E-02
   3.93343084E-02
   3.99225578E-02
   4.05024104E-02
   4.10736762E-02
   4.16362286E-02
   4.21899073E-02
   4.27346155E-02
   4.32703793E-02
   4.37970832E-02
   4.43147793E-02
   4.48235162E-02
   4.53233942E-02
   4.58144732E-02
   4.62969802E-02
   4.67710048E-02
   4.72368672E-02
   4.76947203E-02
   4.81449403E-02
   4.85877171E-02
   4.90234978E-02
   4.94525917E-02
   4.98753861E-02
   5.02923690E-02
   5.07038496E-02
   5.11103943E-02
   5.15123904E-02
   5.19104227E-02
   5.23049086E-02
   5.26964255E-02
   5.30854613E-02
   5.34726009E-02
   5.38583323E-02
   5.42431921E-02
   5.46278134E-02
   5.50125986E-02
   5.53982407E-02
   5.57851121E-02
   5.61739169E-02
   5.65650016E-02
   5.69589846E-02
   5.73562980E-02
   5.77574745E-02
   5.81628904E-02
   5.85730709E-02
   5.89883700E-02
   5.94092272E-02
   5.98360337E-02
   6.02691434E-02
   6.07088618E-02
   6.11555800E-02
   6.16095439E-02
   6.20710403E-02
   6.25403598E-02
   6.30176589E-02
   6.35032654E-02
   6.39972463E-02
   6.44999593E-02
   6.50113374E-02
   6.55317456E-02
   6.60612062E-02
   6.65998757E-02
   6.71478808E-02
   6.77053407E-02
   6.82723597E-02
   6.88490719E-02
   6.94354847E-02
   7.00317770E-02
   7.06380755E-02
   7.12544620E-02
   7.18810931E-02
   7.25180656E-02
   7.31654987E-02
   7.38236532E-02
   7.44925588E-02
   7.51725584E-02
   7.58637637E-02
   7.65665099E-02
   7.72808492E-02
   7.80072808E-02
   7.87459016E-02
   7.94971287E-02
   8.02612603E-02
   8.10387209E-02
   8.18296969E-02
   8.26348141E-02
   8.34543332E-02
   8.42886493E-02
   8.51382986E-02
   8.60036537E-02
   8.68851691E-02
   8.77833515E-02
   8.86986181E-02
   8.96314383E-02
   9.05822366E-02
   9.15514976E-02
   9.25396457E-02
   9.35471952E-02
   9.45743620E-02
   9.56217200E-02
   9.66893882E-02
   9.77779776E-02
   9.88874584E-02
  0.100018337    
  0.101170667    
  0.102344595    
  0.103540279    
  0.104757719    
  0.105996959    
  0.107257806    
  0.108540155    
  0.109843805    
  0.111168504    
  0.112513781    
  0.113879360    
  0.115264505    
  0.116668813    
  0.118091539    
  0.119531915    
  0.120989151    
  0.122462347    
  0.123950414    
  0.125452489    
  0.126967251    
  0.128493577    
  0.130030274    
  0.131575927    
  0.133129120    
  0.134688467    
  0.136252657    
  0.137819797    
  0.139388621    
  0.140957385    
  0.142524496    
  0.144088328    
  0.145647153    
  0.147199333    
  0.148743257    
  0.150277287    
  0.151799679    
  0.153308928    
  0.154803395    
  0.156281531    
  0.157741770    
  0.159182802    
  0.160603076    
  0.162001237    
  0.163376138    
  0.164726481    
  0.166051045    
  0.167349055    
  0.168619260    
  0.169860914    
  0.171073213    
  0.172255427    
  0.173407018    
  0.174527481    
  0.175616428    
  0.176673397    
  0.177698299    
  0.178691030    
  0.179651633    
  0.180580169    
  0.181476831    
  0.182341874    
  0.183175683    
  0.183978856    
  0.184751689    
  0.185495019    
  0.186209530    
  0.186896130    
  0.187555537    
  0.188188836    
  0.188797176    
  0.189381376    
  0.189942896    
  0.190482855    
  0.191002458    
  0.191503137    
  0.191986248    
  0.192453310    
  0.192905635    
  0.193344817    
  0.193772450    
  0.194189876    
  0.194599047    
  0.195001215    
  0.195398301    
  0.195791602    
  0.196183056    
  0.196574271    
  0.196966797    
  0.197362259    
  0.197762221    
  0.198168591    
  0.198582679    
  0.199006170    
  0.199440524    
  0.199887440    
  0.200348303    
  0.200824380    
  0.201317444    
  0.201828629    
  0.202359334    
  0.202910542    
  0.203483939    
  0.204080418    
  0.204700947    
  0.205346793    
  0.206018746    
  0.206717774    
  0.207444504    
  0.208199859    
  0.208984494    
  0.209798947    
  0.210643575    
  0.211518914    
  0.212425381    
  0.213363037    
  0.214332163    
  0.215332687    
  0.216364801    
  0.217428252    
  0.218522891    
  0.219648361    
  0.220804647    
  0.221991017    
  0.223207161    
  0.224452272    
  0.225725964    
  0.227027521    
  0.228356108    
  0.229710832    
  0.231090993    
  0.232495680    
  0.233923838    
  0.235374495    
  0.236846805    
  0.238339633    
  0.239851698    
  0.241382390    
  0.242930323    
  0.244494542    
  0.246073946    
  0.247667715    
  0.249274567    
  0.250893563    
  0.252523810    
  0.254164368    
  0.255814344    
  0.257472813    
  0.259139001    
  0.260812461    
  0.262492210    
  0.264177561    
  0.265868217    
  0.267563462    
  0.269262940    
  0.270966291    
  0.272672981    
  0.274382949    
  0.276095808    
  0.277811706    
  0.279529989    
  0.281251043    
  0.282974482    
  0.284700751    
  0.286429405    
  0.288160592    
  0.289894521    
  0.291631192    
  0.293370634    
  0.295112997    
  0.296858281    
  0.298606783    
  0.300357997    
  0.302112192    
  0.303869516    
  0.305629700    
  0.307392359    
  0.309157878    
  0.310925424    
  0.312694967    
  0.314465851    
  0.316237956    
  0.318010420    
  0.319782913    
  0.321554273    
  0.323324263    
  0.325091511    
  0.326855302    
  0.328614324    
  0.330367863    
  0.332114726    
  0.333853006    
  0.335581928    
  0.337299824    
  0.339005411    
  0.340696931    
  0.342372984    
  0.344031751    
  0.345671862    
  0.347291529    
  0.348888844    
  0.350462586    
  0.352010608    
  0.353531599    
  0.355023801    
  0.356485516    
  0.357915372    
  0.359311998    
  0.360673755    
  0.361999154    
  0.363287300    
  0.364536941    
  0.365746826    
  0.366916120    
  0.368044019    
  0.369129777    
  0.370172888    
  0.371172726    
  0.372129411    
  0.373042315    
  0.373911798    
  0.374737859    
  0.375520706    
  0.376260787    
  0.376958907    
  0.377615958    
  0.378232569    
  0.378809780    
  0.379348934    
  0.379851013    
  0.380318075    
  0.380751282    
  0.381152362    
  0.381523371    
  0.381865978    
  0.382182509    
  0.382474720    
  0.382745385    
  0.382996112    
  0.383229792    
  0.383448631    
  0.383655220    
  0.383852243    
  0.384041697    
  0.384226918    
  0.384409904    
  0.384593666    
  0.384780675    
  0.384973615    
  0.385174811    
  0.385387331    
  0.385613233    
  0.385855496    
  0.386116326    
  0.386398315    
  0.386703670    
  0.387035102    
  0.387394428    
  0.387784064    
  0.388206273    
  0.388662905    
  0.389156014    
  0.389687538    
  0.390259117    
  0.390872389    
  0.391529202    
  0.392230749    
  0.392978817    
  0.393774211    
  0.394618541    
  0.395512491    
  0.396456867    
  0.397453010    
  0.398501515    
  0.399602085    
  0.400756270    
  0.401963651    
  0.403224915    
  0.404539496    
  0.405907691    
  0.407329261    
  0.408803552    
  0.410330296    
  0.411909074    
  0.413538396    
  0.415217876    
  0.416946232    
  0.418722332    
  0.420545101    
  0.422412813    
  0.424323618    
  0.426276445    
  0.428269148    
  0.430299670    
  0.432366103    
  0.434466153    
  0.436597943    
  0.438758761    
  0.440946311    
  0.443158269    
  0.445391893    
  0.447644532    
  0.449913353    
  0.452196062    
  0.454489946    
  0.456791729    
  0.459098816    
  0.461408675    
  0.463718444    
  0.466025561    
  0.468327194    
  0.470620364    
  0.472903222    
  0.475172788    
  0.477426380    
  0.479662418    
  0.481878102    
  0.484071553    
  0.486240357    
  0.488383204    
  0.490497857    
  0.492583305    
  0.494637340    
  0.496659368    
  0.498647720    
  0.500601590    
  0.502519667    
  0.504401982    
  0.506247759    
  0.508056402    
  0.509827733    
  0.511561692    
  0.513258576    
  0.514918268    
  0.516541064    
  0.518127561    
  0.519678593    
  0.521194220    
  0.522675395    
  0.524123132    
  0.525538266    
  0.526921988    
  0.528274953    
  0.529597938    
  0.530893028    
  0.532160401    
  0.533401906    
  0.534618258    
  0.535810530    
  0.536979795    
  0.538126826    
  0.539253473    
  0.540359974    
  0.541447103    
  0.542515934    
  0.543567419    
  0.544601500    
  0.545619369    
  0.546621203    
  0.547607183    
  0.548577845    
  0.549533248    
  0.550473511    
  0.551398873    
  0.552308440    
  0.553202569    
  0.554081142    
  0.554943383    
  0.555789232    
  0.556617796    
  0.557428896    
  0.558221817    
  0.558996141    
  0.559750557    
  0.560485303    
  0.561198890    
  0.561891139    
  0.562561154    
  0.563208222    
  0.563832343    
  0.564432383    
  0.565007985    
  0.565558672    
  0.566084206    
  0.566584587    
  0.567059100    
  0.567508399    
  0.567932010    
  0.568330705    
  0.568703771    
  0.569052398    
  0.569377720    
  0.569679141    
  0.569958568    
  0.570216835    
  0.570454776    
  0.570673466    
  0.570874929    
  0.571060419    
  0.571231782    
  0.571390629    
  0.571538746    
  0.571678638    
  0.571812212    
  0.571941674    
  0.572069347    
  0.572197914    
  0.572329700    
  0.572467148    
  0.572612882    
  0.572769761    
  0.572940409    
  0.573127389    
  0.573333323    
  0.573561192    
  0.573813081    
  0.574092805    
  0.574401855    
  0.574743032    
  0.575119436    
  0.575532734    
  0.575985670    
  0.576480448    
  0.577019572    
  0.577604711    
  0.578238189    
  0.578921497    
  0.579656601    
  0.580444872    
  0.581288457    
  0.582187772    
  0.583144546    
  0.584159553    
  0.585234106    
  0.586368322    
  0.587563097    
  0.588818669    
  0.590135336    
  0.591513336    
  0.592952311    
  0.594452262    
  0.596012175    
  0.597632110    
  0.599310935    
  0.601047873    
  0.602841735    
  0.604690969    
  0.606594324    
  0.608550429    
  0.610557020    
  0.612612844    
  0.614715695    
  0.616862595    
  0.619051635    
  0.621280909    
  0.623547077    
  0.625847459    
  0.628179193    
  0.630539775    
  0.632925272    
  0.635332882    
  0.637759328    
  0.640201092    
  0.642655015    
  0.645116925    
  0.647583842    
  0.650051892    
  0.652516842    
  0.654975653    
  0.657424510    
  0.659859538    
  0.662276685    
  0.664672554    
  0.667043149    
  0.669385314    
  0.671694696    
  0.673968375    
  0.676202893    
  0.678394437    
  0.680539906    
  0.682636380    
  0.684680879    
  0.686670005    
  0.688601971    
  0.690473378    
  0.692282259    
  0.694026232    
  0.695703745    
  0.697312832    
  0.698851883    
  0.700319707    
  0.701714814    
  0.703037202    
  0.704285383    
  0.705459297    
  0.706558883    
  0.707584441    
  0.708536208    
  0.709414542    
  0.710220754    
  0.710955620    
  0.711620390    
  0.712216556    
  0.712745905    
  0.713210344    
  0.713612199    
  0.713953614    
  0.714236915    
  0.714464426    
  0.714639664    
  0.714765012    
  0.714842916    
  0.714877367    
  0.714871228    
  0.714827180    
  0.714748681    
  0.714639366    
  0.714502215    
  0.714339972    
  0.714156210    
  0.713954329    
  0.713737190    
  0.713507354    
  0.713268638    
  0.713023305    
  0.712774098    
  0.712523818    
  0.712274373    
  0.712028444    
  0.711788654    
  0.711556315    
  0.711333513    
  0.711121917    
  0.710922837    
  0.710737705    
  0.710567892    
  0.710414052    
  0.710277617    
  0.710158587    
  0.710057616    
  0.709975243    
  0.709911466    
  0.709866345    
  0.709840178    
  0.709832132    
  0.709842145    
  0.709870458    
  0.709915400    
  0.709977269    
  0.710055590    
  0.710149050    
  0.710257232    
  0.710379422    
  0.710514963    
  0.710662782    
  0.710822463    
  0.710993350    
  0.711174846    
  0.711366117    
  0.711566567    
  0.711775839    
  0.711993814    
  0.712219894    
  0.712453604    
  0.712695301    
  0.712944925    
  0.713202178    
  0.713467717    
  0.713741839    
  0.714024842    
  0.714317381    
  0.714620113    
  0.714933753    
  0.715259552    
  0.715597808    
  0.715950310    
  0.716317952    
  0.716702163    
  0.717103899    
  0.717525244    
  0.717966855    
  0.718430996    
  0.718918085    
  0.719431043    
  0.719970882    
  0.720538676    
  0.721136689    
  0.721766233    
  0.722428620    
  0.723125577    
  0.723857939    
  0.724627972    
  0.725436151    
  0.726283789    
  0.727172017    
  0.728101492    
  0.729073584    
  0.730088472    
  0.731146753    
  0.732248962    
  0.733395159    
  0.734585702    
  0.735819936    
  0.737098515    
  0.738420486    
  0.739784896    
  0.741191804    
  0.742639780    
  0.744127631    
  0.745654166    
  0.747218430    
  0.748818338    
  0.750452101    
  0.752118051    
  0.753813565    
  0.755536675    
  0.757285357    
  0.759056687    
  0.760848045    
  0.762656450    
  0.764479280    
  0.766313672    
  0.768155813    
  0.770003021    
  0.771851957    
  0.773698986    
  0.775540829    
  0.777374268    
  0.779195189    
  0.781000376    
  0.782785952    
  0.784549236    
  0.786285341    
  0.787991405    
  0.789663434    
  0.791298628    
  0.792892694    
  0.794442594    
  0.795945108    
  0.797396421    
  0.798793852    
  0.800134003    
  0.801414251    
  0.802631259    
  0.803782344    
  0.804865360    
  0.805877805    
  0.806816816    
  0.807681203    
  0.808468282    
  0.809176743    
  0.809805155    
  0.810351670    
  0.810815990    
  0.811196327    
  0.811492682    
  0.811704278    
  0.811831117    
  0.811873317    
  0.811830819    
  0.811704397    
  0.811495066    
  0.811203241    
  0.810830593    
  0.810378313    
  0.809848607    
  0.809243023    
  0.808563888    
  0.807813585    
  0.806995034    
  0.806110382    
  0.805163801    
  0.804157197    
  0.803094864    
  0.801979840    
  0.800816417    
  0.799608052    
  0.798358619    
  0.797073066    
  0.795754552    
  0.794407427    
  0.793037057    
  0.791646779    
  0.790241599    
  0.788826048    
  0.787404001    
  0.785980105    
  0.784559309    
  0.783144712    
  0.781741500    
  0.780353785    
  0.778985083    
  0.777640104    
  0.776321769    
  0.775034606    
  0.773781300    
  0.772565484    
  0.771390676    
  0.770258904    
  0.769173503    
  0.768137157    
  0.767151713    
  0.766219139    
  0.765341699    
  0.764520586    
  0.763757050    
  0.763052762    
  0.762407899    
  0.761823535    
  0.761299610    
  0.760836303    
  0.760434508    
  0.760092080    
  0.759809852    
  0.759586990    
  0.759421766    
  0.759313643    
  0.759261429    
  0.759263158    
  0.759317577    
  0.759422541    
  0.759576499    
  0.759777546    
  0.760023117    
  0.760311007    
  0.760639310    
  0.761005402    
  0.761407614    
  0.761842787    
  0.762308598    
  0.762803257    
  0.763323903    
  0.763868511    
  0.764434457    
  0.765020132    
  0.765622914    
  0.766240835    
  0.766872287    
  0.767515182    
  0.768167853    
  0.768828392    
  0.769495726    
  0.770168602    
  0.770844996    
  0.771524727    
  0.772206247    
  0.772888660    
  0.773571789    
  0.774254620    
  0.774936676    
  0.775617361    
  0.776297510    
  0.776975334    
  0.777652204    
  0.778326929    
  0.779000759    
  0.779672921    
  0.780344307    
  0.781014919    
  0.781685233    
  0.782354832    
  0.783024848    
  0.783695161    
  0.784366608    
  0.785038710    
  0.785712659    
  0.786387682    
  0.787064493    
  0.787743092    
  0.788423657    
  0.789105773    
  0.789789498    
  0.790474653    
  0.791161001    
  0.791847587    
  0.792534411    
  0.793220758    
  0.793905497    
  0.794588268    
  0.795267463    
  0.795942426    
  0.796611786    
  0.797274411    
  0.797928870    
  0.798573375    
  0.799206376    
  0.799826205    
  0.800431311    
  0.801019609    
  0.801589131    
  0.802138031    
  0.802663982    
  0.803165257    
  0.803639889    
  0.804085255    
  0.804499745    
  0.804880738    
  0.805226326    
  0.805534661    
  0.805802941    
  0.806029499    
  0.806212842    
  0.806350350    
  0.806440175    
  0.806480765    
  0.806470692    
  0.806407511    
  0.806290507    
  0.806117892    
  0.805888414    
  0.805600882    
  0.805254459    
  0.804848135    
  0.804380953    
  0.803852141    
  0.803261936    
  0.802609265    
  0.801894128    
  0.801116824    
  0.800277412    
  0.799375474    
  0.798412621    
  0.797388852    
  0.796304822    
  0.795162082    
  0.793961048    
  0.792703331    
  0.791390777    
  0.790023863    
  0.788605392    
  0.787136972    
  0.785620511    
  0.784058154    
  0.782452583    
  0.780805826    
  0.779120624    
  0.777400017    
  0.775646448    
  0.773862958    
  0.772053182    
  0.770219266    
  0.768364906    
  0.766493738    
  0.764608741    
  0.762713909    
  0.760812402    
  0.758907735    
  0.757003725    
  0.755103767    
  0.753211856    
  0.751331806    
  0.749466658    
  0.747620702    
  0.745797157    
  0.743999720    
  0.742232025    
  0.740497649    
  0.738799572    
  0.737141788    
  0.735527098    
  0.733958602    
  0.732439101    
  0.730972111    
  0.729560077    
  0.728205264    
  0.726910770    
  0.725678146    
  0.724509954    
  0.723407626    
  0.722373605    
  0.721408725    
  0.720514476    
  0.719691932    
  0.718941867    
  0.718264997    
  0.717661977    
  0.717132449    
  0.716676354    
  0.716293931    
  0.715984106    
  0.715746403    
  0.715579987    
  0.715482950    
  0.715454638    
  0.715492964    
  0.715595901    
  0.715761602    
  0.715988040    
  0.716272235    
  0.716611743    
  0.717003942    
  0.717445552    
  0.717933714    
  0.718465030    
  0.719036579    
  0.719644129    
  0.720284879    
  0.720954597    
  0.721650362    
  0.722367525    
  0.723103344    
  0.723853588    
  0.724614263    
  0.725382924    
  0.726154149    
  0.726925790    
  0.727693498    
  0.728453994    
  0.729204297    
  0.729941070    
  0.730661094    
  0.731361449    
  0.732038915    
  0.732691407    
  0.733316541    
  0.733910978    
  0.734473586    
  0.735001981    
  0.735494077    
  0.735948801    
  0.736364424    
  0.736739695    
  0.737073541    
  0.737364948    
  0.737613082    
  0.737817585    
  0.737977803    
  0.738094032    
  0.738165557    
  0.738192677    
  0.738175452    
  0.738114238    
  0.738008738    
  0.737860262    
  0.737669110    
  0.737435758    
  0.737160742    
  0.736845315    
  0.736489892    
  0.736095250    
  0.735662341    
  0.735191882    
  0.734684825    
  0.734141588    
  0.733563721    
  0.732951462    
  0.732305765    
  0.731627405    
  0.730916977    
  0.730175257    
  0.729402483    
  0.728599548    
  0.727767110    
  0.726904988    
  0.726014197    
  0.725094616    
  0.724146843    
  0.723171294    
  0.722168326    
  0.721137106    
  0.720078588    
  0.718992770    
  0.717879832    
  0.716739237    
  0.715572000    
  0.714377463    
  0.713155508    
  0.711906910    
  0.710631192    
  0.709328532    
  0.707999051    
  0.706642628    
  0.705259740    
  0.703850389    
  0.702414751    
  0.700953305    
  0.699466288    
  0.697953880    
  0.696416855    
  0.694855571    
  0.693270624    
  0.691662371    
  0.690031648    
  0.688379645    
  0.686706781    
  0.685014009    
  0.683301985    
  0.681572676    
  0.679826021    
  0.678063869    
  0.676287591    
  0.674498320    
  0.672697067    
  0.670885682    
  0.669065356    
  0.667237699    
  0.665404379    
  0.663566828    
  0.661726952    
  0.659885764    
  0.658045471    
  0.656207681    
  0.654374361    
  0.652546704    
  0.650726914    
  0.648916841    
  0.647117496    
  0.645331502    
  0.643560648    
  0.641806424    
  0.640070379    
  0.638354659    
  0.636660695    
  0.634990573    
  0.633345664    
  0.631727934    
  0.630138993    
  0.628580034    
  0.627053082    
  0.625559568    
  0.624101281    
  0.622678995    
  0.621294439    
  0.619949281    
  0.618644834    
  0.617382050    
  0.616161883    
  0.614985824    
  0.613854885    
  0.612770259    
  0.611732304    
  0.610742331    
  0.609800816    
  0.608908594    
  0.608066022    
  0.607273519    
  0.606531680    
  0.605840683    
  0.605200529    
  0.604611218    
  0.604072630    
  0.603584647    
  0.603146553    
  0.602758348    
  0.602419257    
  0.602128208    
  0.601884663    
  0.601687491    
  0.601535499    
  0.601427317    
  0.601361215    
  0.601336181    
  0.601349771    
  0.601400614    
  0.601486504    
  0.601605415    
  0.601754546    
  0.601932108    
  0.602135360    
  0.602361321    
  0.602607727    
  0.602871358    
  0.603149235    
  0.603438318    
  0.603735685    
  0.604038060    
  0.604342282    
  0.604644597    
  0.604942679    
  0.605232418    
  0.605510712    
  0.605774164    
  0.606019795    
  0.606243908    
  0.606443465    
  0.606615603    
  0.606756747    
  0.606864274    
  0.606935024    
  0.606966555    
  0.606956065    
  0.606900573    
  0.606798887    
  0.606647730    
  0.606445074    
  0.606189549    
  0.605879366    
  0.605512917    
  0.605088711    
  0.604605556    
  0.604063153    
  0.603460312    
  0.602796078    
  0.602070689    
  0.601283967    
  0.600435972    
  0.599526584    
  0.598556280    
  0.597525775    
  0.596436083    
  0.595287561    
  0.594081819    
  0.592819750    
  0.591503084    
  0.590132594    
  0.588710606    
  0.587238491    
  0.585717916    
  0.584151030    
  0.582539916    
  0.580885947    
  0.579191744    
  0.577459276    
  0.575690627    
  0.573887765    
  0.572052777    
  0.570188165    
  0.568295717    
  0.566377699    
  0.564436495    
  0.562473178    
  0.560490787    
  0.558490932    
  0.556475341    
  0.554445922    
  0.552404463    
  0.550352693    
  0.548292696    
  0.546225667    
  0.544153333    
  0.542076945    
  0.539997995    
  0.537918091    
  0.535838485    
  0.533760428    
  0.531684816    
  0.529613316    
  0.527546525    
  0.525486231    
  0.523432434    
  0.521386921    
  0.519350648    
  0.517323911    
  0.515308321    
  0.513304353    
  0.511313081    
  0.509335101    
  0.507371366    
  0.505422711    
  0.503489971    
  0.501573801    
  0.499675095    
  0.497794688    
  0.495932937    
  0.494091272    
  0.492269754    
  0.490469903    
  0.488691837    
  0.486936212    
  0.485204577    
  0.483496845    
  0.481814057    
  0.480156928    
  0.478526056    
  0.476921737    
  0.475345284    
  0.473796874    
  0.472277105    
  0.470786721    
  0.469325930    
  0.467895418    
  0.466495395    
  0.465126425    
  0.463788927    
  0.462483019    
  0.461208910    
  0.459967136    
  0.458757550    
  0.457580179    
  0.456435353    
  0.455322683    
  0.454242617    
  0.453194410    
  0.452178419    
  0.451194197    
  0.450241476    
  0.449319512    
  0.448428363    
  0.447567821    
  0.446736783    
  0.445935130    
  0.445161849    
  0.444416583    
  0.443698466    
  0.443007022    
  0.442341089    
  0.441700399    
  0.441083670    
  0.440490395    
  0.439919353    
  0.439369291    
  0.438840181    
  0.438330412    
  0.437838942    
  0.437364906    
  0.436907232    
  0.436464667    
  0.436036497    
  0.435621053    
  0.435217977    
  0.434825391    
  0.434442192    
  0.434067786    
  0.433700770    
  0.433339179    
  0.432982802    
  0.432629675    
  0.432279170    
  0.431929290    
  0.431579381    
  0.431227833    
  0.430873424    
  0.430514723    
  0.430150479    
  0.429779261    
  0.429399520    
  0.429009885    
  0.428609133    
  0.428195596    
  0.427768379    
  0.427325159    
  0.426865041    
  0.426386565    
  0.425888240    
  0.425368249    
  0.424825579    
  0.424258560    
  0.423665702    
  0.423046023    
  0.422397524    
  0.421719283    
  0.421009362    
  0.420267373    
  0.419491529    
  0.418680429    
  0.417833775    
  0.416949630    
  0.416027278    
  0.415066093    
  0.414064676    
  0.413022786    
  0.411939293    
  0.410814196    
  0.409646600    
  0.408436269    
  0.407182992    
  0.405886829    
  0.404547364    
  0.403164893    
  0.401739866    
  0.400272220    
  0.398763061    
  0.397211939    
  0.395620704    
  0.393989742    
  0.392319828    
  0.390612572    
  0.388868719    
  0.387089550    
  0.385276705    
  0.383431673    
  0.381556004    
  0.379651427    
  0.377719611    
  0.375762612    
  0.373782128    
  0.371780127    
  0.369758636    
  0.367719889    
  0.365665734    
  0.363598347    
  0.361519843    
  0.359431982    
  0.357337624    
  0.355238318    
  0.353136420    
  0.351033837    
  0.348932713    
  0.346834898    
  0.344742298    
  0.342657000    
  0.340580881    
  0.338515699    
  0.336462617    
  0.334423989    
  0.332401127    
  0.330395460    
  0.328408450    
  0.326441348    
  0.324495554    
  0.322572082    
  0.320672154    
  0.318796843    
  0.316947013    
  0.315123439    
  0.313326836    
  0.311558306    
  0.309818208    
  0.308107048    
  0.306425333    
  0.304773748    
  0.303152412    
  0.301561862    
  0.300002187    
  0.298473835    
  0.296976805    
  0.295511037    
  0.294076860    
  0.292674363    
  0.291303545    
  0.289964020    
  0.288656443    
  0.287379861    
  0.286134928    
  0.284921080    
  0.283738166    
  0.282586128    
  0.281464636    
  0.280373663    
  0.279312789    
  0.278281689    
  0.277280062    
  0.276307702    
  0.275363922    
  0.274448872    
  0.273561865    
  0.272702426    
  0.271870255    
  0.271064281    
  0.270285010    
  0.269530863    
  0.268801808    
  0.268097252    
  0.267416358    
  0.266758263    
  0.266122520    
  0.265508443    
  0.264914870    
  0.264341056    
  0.263786167    
  0.263249308    
  0.262729496    
  0.262225211    
  0.261736393    
  0.261260867    
  0.260798097    
  0.260347009    
  0.259906143    
  0.259474099    
  0.259049952    
  0.258632004    
  0.258219481    
  0.257810771    
  0.257404476    
  0.256999403    
  0.256593943    
  0.256186754    
  0.255776733    
  0.255362540    
  0.254942536    
  0.254515409    
  0.254080296    
  0.253635287    
  0.253179580    
  0.252711684    
  0.252230763    
  0.251735240    
  0.251224279    
  0.250696778    
  0.250151962    
  0.249588504    
  0.249005705    
  0.248402745    
  0.247778818    
  0.247133419    
  0.246465832    
  0.245775372    
  0.245061532    
  0.244324073    
  0.243562534    
  0.242776528    
  0.241965875    
  0.241130516    
  0.240270197    
  0.239384815    
  0.238474756    
  0.237539470    
  0.236579493    
  0.235594809    
  0.234585762    
  0.233552739    
  0.232495621    
  0.231415048    
  0.230311245    
  0.229184553    
  0.228035554    
  0.226864561    
  0.225672275    
  0.224459082    
  0.223225638    
  0.221972167    
  0.220699295    
  0.219407827    
  0.218098074    
  0.216770947    
  0.215426803    
  0.214066759    
  0.212690651    
  0.211299524    
  0.209894136    
  0.208474949    
  0.207042828    
  0.205598354    
  0.204142243    
  0.202675477    
  0.201198190    
  0.199711516    
  0.198216140    
  0.196712747    
  0.195202410    
  0.193685427    
  0.192163154    
  0.190636188    
  0.189105108    
  0.187571049    
  0.186034843    
  0.184497327    
  0.182959497    
  0.181422323    
  0.179886460    
  0.178353235    
  0.176823094    
  0.175297275    
  0.173776940    
  0.172262713    
  0.170755878    
  0.169257060    
  0.167767435    
  0.166288048    
  0.164819628    
  0.163363084    
  0.161919653    
  0.160490096    
  0.159075066    
  0.157675743    
  0.156292841    
  0.154927194    
  0.153579563    
  0.152250573    
  0.150941119    
  0.149651930    
  0.148383394    
  0.147136316    
  0.145911142    
  0.144708246    
  0.143528327    
  0.142371595    
  0.141238555    
  0.140129477    
  0.139044434    
  0.137983784    
  0.136947840    
  0.135936499    
  0.134949759    
  0.133987874    
  0.133050621    
  0.132137954    
  0.131249696    
  0.130385846    
  0.129546121    
  0.128730103    
  0.127937898    
  0.127168626    
  0.126422286    
  0.125698462    
  0.124996625    
  0.124316365    
  0.123657405    
  0.123018995    
  0.122400612    
  0.121801712    
  0.121221840    
  0.120660409    
  0.120116666    
  0.119590119    
  0.119080365    
  0.118586391    
  0.118107721    
  0.117643662    
  0.117193490    
  0.116756640    
  0.116332501    
  0.115920193    
  0.115519464    
  0.115129068    
  0.114748560    
  0.114377148    
  0.114014208    
  0.113659054    
  0.113310881    
  0.112969108    
  0.112632990    
  0.112301491    
  0.111974157    
  0.111650117    
  0.111328639    
  0.111008920    
  0.110690489    
  0.110372104    
  0.110053264    
  0.109732985    
  0.109410614    
  0.109085277    
  0.108756192    
  0.108422659    
  0.108083688    
  0.107738450    
  0.107386366    
  0.107026331    
  0.106657699    
  0.106279582    
  0.105891302    
  0.105492070    
  0.105080947    
  0.104657479    
  0.104220688    
  0.103769958    
  0.103304617    
  0.102824017    
  0.102327697    
  0.101814836    
  0.101285018    
  0.100737907    
  0.100172818    
   9.95894819E-02
   9.89875719E-02
   9.83669236E-02
   9.77271199E-02
   9.70681161E-02
   9.63897258E-02
   9.56922099E-02
   9.49752107E-02
   9.42390561E-02
   9.34839621E-02
   9.27100405E-02
   9.19175744E-02
   9.11070853E-02
   9.02788490E-02
   8.94336700E-02
   8.85717049E-02
   8.76938626E-02
   8.68006349E-02
   8.58928859E-02
   8.49712417E-02
   8.40366706E-02
   8.30899999E-02
   8.21322128E-02
   8.11640918E-02
   8.01868290E-02
   7.92011023E-02
   7.82081261E-02
   7.72087872E-02
   7.62043446E-02
   7.51957074E-02
   7.41839260E-02
   7.31700882E-02
   7.21550807E-02
   7.11399838E-02
   7.01258183E-02
   6.91135898E-02
   6.81041107E-02
   6.70984909E-02
   6.60976768E-02
   6.51021376E-02
   6.41130283E-02
   6.31309822E-02
   6.21567704E-02
   6.11911304E-02
   6.02346733E-02
   5.92881553E-02
   5.83520085E-02
   5.74266873E-02
   5.65127805E-02
   5.56106269E-02
   5.47207184E-02
   5.38434125E-02
   5.29790446E-02
   5.21278381E-02
   5.12899421E-02
   5.04655577E-02
   4.96549793E-02
   4.88582067E-02
   4.80754077E-02
   4.73066717E-02
   4.65520658E-02
   4.58114818E-02
   4.50849384E-02
   4.43724245E-02
   4.36738729E-02
   4.29892950E-02
   4.23184894E-02
   4.16615158E-02
   4.10181284E-02
   4.03882749E-02
   3.97717319E-02
   3.91684622E-02
   3.85782346E-02
   3.80009934E-02
   3.74365821E-02
   3.68847214E-02
   3.63453366E-02
   3.58183049E-02
   3.53033431E-02
   3.48003320E-02
   3.43091376E-02
   3.38295922E-02
   3.33614424E-02
   3.29045393E-02
   3.24587263E-02
   3.20239179E-02
   3.15997526E-02
   3.11861373E-02
   3.07829417E-02
   3.03898714E-02
   3.00068073E-02
   2.96335295E-02
   2.92698685E-02
   2.89156586E-02
   2.85706054E-02
   2.82345247E-02
   2.79073063E-02
   2.75886003E-02
   2.72782240E-02
   2.69759670E-02
   2.66815927E-02
   2.63949316E-02
   2.61156037E-02
   2.58435141E-02
   2.55782269E-02
   2.53196079E-02
   2.50673387E-02
   2.48211920E-02
   2.45808810E-02
   2.43461654E-02
   2.41167266E-02
   2.38922164E-02
   2.36723684E-02
   2.34569293E-02
   2.32456084E-02
   2.30380800E-02
   2.28340458E-02
   2.26333439E-02
   2.24354342E-02
   2.22401582E-02
   2.20471676E-02
   2.18561869E-02
   2.16669496E-02
   2.14791298E-02
   2.12925654E-02
   2.11067777E-02
   2.09215265E-02
   2.07366031E-02
   2.05516890E-02
   2.03665737E-02
   2.01809369E-02
   1.99945774E-02
   1.98073462E-02
   1.96187552E-02
   1.94287226E-02
   1.92369893E-02
   1.90433953E-02
   1.88476481E-02
   1.86496172E-02
   1.84491538E-02
   1.82460099E-02
   1.80399548E-02
   1.78308710E-02
   1.76186319E-02
   1.74030662E-02
   1.71840489E-02
   1.69615243E-02
   1.67352296E-02
   1.65052004E-02
   1.62712205E-02
   1.60332751E-02
   1.57912895E-02
   1.55451987E-02
   1.52950129E-02
   1.50406109E-02
   1.47820078E-02
   1.45192714E-02
   1.42522985E-02
   1.39811840E-02
   1.37059689E-02
   1.34267546E-02
   1.31435469E-02
   1.28564863E-02
   1.25656845E-02
   1.22713456E-02
   1.19735263E-02
   1.16724540E-02
   1.13683436E-02
   1.10614551E-02
   1.07519515E-02
   1.04401475E-02
   1.01263216E-02
   9.81083792E-03
   9.49394889E-03
   9.17604100E-03
   8.85753334E-03
   8.53872113E-03
   8.22006352E-03
   7.90199637E-03
   7.58493179E-03
   7.26938155E-03
   6.95571350E-03
   6.64447295E-03
   6.33607572E-03
   6.03103172E-03
   5.72980754E-03
   5.43290749E-03
   5.14077535E-03
   4.85392753E-03
   4.57280502E-03
   4.29779012E-03
   4.02936665E-03
   3.76794790E-03
   3.51390569E-03
   3.26761720E-03
   3.02945962E-03
   2.79969745E-03
   2.57862289E-03
   2.36647530E-03
   2.16349331E-03
   1.96986669E-03
   1.78572396E-03
   1.61118363E-03
   1.44634733E-03
   1.29121437E-03
   1.14578183E-03
   1.01003516E-03
   8.83887697E-04
   7.67242222E-04
   6.59955840E-04
   5.61855035E-04
   4.72762331E-04
   3.92402901E-04
   3.20546358E-04
   2.56919069E-04
   2.01214309E-04
   1.53120709E-04
   1.12307542E-04
   7.84319127E-05
   5.11369035E-05
   3.00595057E-05
   1.48378213E-05
   5.10635300E-06
   4.98829365E-07
   6.52935114E-07
   5.21068432E-06
   1.38240302E-05
   2.61504993E-05
   4.18648924E-05
   6.06499962E-05
   8.22037182E-05
   1.06239029E-04
   1.32481466E-04
