   1.00000048    
  0.999999762    
  0.999996901    
  0.999992371    
  0.999986053    
  0.999977946    
  0.999967933    
  0.999956369    
  0.999943495    
  0.999928713    
  0.999912977    
  0.999895811    
  0.999877810    
  0.999858379    
  0.999838114    
  0.999817133    
  0.999795675    
  0.999773622    
  0.999751210    
  0.999728799    
  0.999706030    
  0.999683857    
  0.999661565    
  0.999639571    
  0.999618351    
  0.999597371    
  0.999577701    
  0.999558508    
  0.999540269    
  0.999523103    
  0.999507248    
  0.999492466    
  0.999478877    
  0.999466717    
  0.999455869    
  0.999446452    
  0.999438345    
  0.999431789    
  0.999426425    
  0.999422491    
  0.999419868    
  0.999418437    
  0.999418318    
  0.999419153    
  0.999421179    
  0.999424160    
  0.999427736    
  0.999432385    
  0.999437630    
  0.999442995    
  0.999448955    
  0.999455035    
  0.999461234    
  0.999467432    
  0.999473393    
  0.999478757    
  0.999484003    
  0.999488413    
  0.999492109    
  0.999494970    
  0.999496639    
  0.999497354    
  0.999496520    
  0.999494612    
  0.999491274    
  0.999486148    
  0.999479473    
  0.999471247    
  0.999461234    
  0.999449193    
  0.999435842    
  0.999420345    
  0.999403059    
  0.999384046    
  0.999363184    
  0.999340773    
  0.999316335    
  0.999290466    
  0.999262929    
  0.999234319    
  0.999203861    
  0.999172390    
  0.999139607    
  0.999105632    
  0.999071002    
  0.999035597    
  0.998999357    
  0.998962581    
  0.998925388    
  0.998888314    
  0.998850822    
  0.998813510    
  0.998776436    
  0.998739541    
  0.998703182    
  0.998667419    
  0.998632431    
  0.998598576    
  0.998565137    
  0.998533070    
  0.998501837    
  0.998472214    
  0.998443723    
  0.998416483    
  0.998390734    
  0.998366416    
  0.998343468    
  0.998321891    
  0.998301864    
  0.998283267    
  0.998266160    
  0.998250306    
  0.998235643    
  0.998222411    
  0.998210132    
  0.998198986    
  0.998189092    
  0.998179674    
  0.998171210    
  0.998163104    
  0.998155832    
  0.998148680    
  0.998141885    
  0.998135388    
  0.998128474    
  0.998121679    
  0.998114049    
  0.998106301    
  0.998097837    
  0.998088777    
  0.998078763    
  0.998067617    
  0.998055458    
  0.998041987    
  0.998027086    
  0.998011172    
  0.997993171    
  0.997973979    
  0.997953057    
  0.997930288    
  0.997905850    
  0.997879922    
  0.997852147    
  0.997822285    
  0.997791052    
  0.997757733    
  0.997722983    
  0.997686863    
  0.997648776    
  0.997609377    
  0.997568429    
  0.997526407    
  0.997482955    
  0.997438550    
  0.997393072    
  0.997346878    
  0.997300088    
  0.997252584    
  0.997204602    
  0.997156262    
  0.997107923    
  0.997059584    
  0.997011304    
  0.996963441    
  0.996916056    
  0.996868789    
  0.996822476    
  0.996777177    
  0.996732652    
  0.996688962    
  0.996646702    
  0.996605396    
  0.996565580    
  0.996526659    
  0.996489525    
  0.996453822    
  0.996419549    
  0.996386588    
  0.996355295    
  0.996325195    
  0.996297002    
  0.996270061    
  0.996244371    
  0.996219873    
  0.996196687    
  0.996174872    
  0.996154070    
  0.996134102    
  0.996115148    
  0.996096730    
  0.996079147    
  0.996061862    
  0.996045232    
  0.996028423    
  0.996012032    
  0.995995343    
  0.995978355    
  0.995961249    
  0.995943487    
  0.995925069    
  0.995906115    
  0.995886147    
  0.995865226    
  0.995843112    
  0.995819867    
  0.995794892    
  0.995768845    
  0.995741367    
  0.995712101    
  0.995681047    
  0.995648623    
  0.995614350    
  0.995578527    
  0.995540619    
  0.995501339    
  0.995460212    
  0.995417356    
  0.995373130    
  0.995326996    
  0.995279551    
  0.995230556    
  0.995180368    
  0.995128751    
  0.995076060    
  0.995022416    
  0.994967818    
  0.994912446    
  0.994856179    
  0.994799852    
  0.994743109    
  0.994685829    
  0.994628727    
  0.994571686    
  0.994514763    
  0.994458139    
  0.994402170    
  0.994346738    
  0.994292200    
  0.994238257    
  0.994185328    
  0.994133532    
  0.994082749    
  0.994033456    
  0.993985534    
  0.993938863    
  0.993893445    
  0.993849814    
  0.993807375    
  0.993766606    
  0.993727326    
  0.993689537    
  0.993653238    
  0.993618190    
  0.993584454    
  0.993552268    
  0.993521154    
  0.993491292    
  0.993462563    
  0.993434608    
  0.993407786    
  0.993381023    
  0.993355393    
  0.993330181    
  0.993305147    
  0.993280292    
  0.993255436    
  0.993230879    
  0.993205667    
  0.993180156    
  0.993154228    
  0.993127644    
  0.993100166    
  0.993071675    
  0.993042469    
  0.993011951    
  0.992979944    
  0.992946804    
  0.992912352    
  0.992876291    
  0.992838383    
  0.992799163    
  0.992758214    
  0.992715418    
  0.992671013    
  0.992624819    
  0.992577076    
  0.992527425    
  0.992476225    
  0.992423534    
  0.992369235    
  0.992313445    
  0.992256105    
  0.992197633    
  0.992137909    
  0.992076993    
  0.992015362    
  0.991952598    
  0.991889417    
  0.991825283    
  0.991760850    
  0.991696239    
  0.991631329    
  0.991566420    
  0.991501689    
  0.991437137    
  0.991372824    
  0.991309524    
  0.991246402    
  0.991184294    
  0.991123199    
  0.991062939    
  0.991003811    
  0.990945756    
  0.990889192    
  0.990833879    
  0.990779877    
  0.990727305    
  0.990676403    
  0.990626812    
  0.990578890    
  0.990532160    
  0.990487278    
  0.990443885    
  0.990401506    
  0.990360856    
  0.990321219    
  0.990282893    
  0.990245640    
  0.990209699    
  0.990174353    
  0.990139723    
  0.990106046    
  0.990072548    
  0.990039825    
  0.990007579    
  0.989975095    
  0.989942789    
  0.989910305    
  0.989877343    
  0.989844143    
  0.989810348    
  0.989775956    
  0.989740729    
  0.989704430    
  0.989667058    
  0.989628434    
  0.989588559    
  0.989547551    
  0.989504695    
  0.989460588    
  0.989414930    
  0.989367664    
  0.989318430    
  0.989267707    
  0.989215493    
  0.989161193    
  0.989105403    
  0.989047647    
  0.988988578    
  0.988927901    
  0.988865435    
  0.988801897    
  0.988737047    
  0.988670409    
  0.988602877    
  0.988534391    
  0.988464653    
  0.988394499    
  0.988323748    
  0.988252163    
  0.988180220    
  0.988107979    
  0.988035917    
  0.987963617    
  0.987891495    
  0.987819552    
  0.987748325    
  0.987677395    
  0.987607479    
  0.987538159    
  0.987469614    
  0.987402558    
  0.987336338    
  0.987271428    
  0.987207711    
  0.987145185    
  0.987084508    
  0.987025201    
  0.986966908    
  0.986910403    
  0.986855686    
  0.986802042    
  0.986750185    
  0.986699641    
  0.986650467    
  0.986602426    
  0.986555755    
  0.986510396    
  0.986466229    
  0.986422777    
  0.986380160    
  0.986338496    
  0.986297429    
  0.986256719    
  0.986216426    
  0.986176312    
  0.986136556    
  0.986096501    
  0.986056268    
  0.986015677    
  0.985974848    
  0.985933185    
  0.985890925    
  0.985847592    
  0.985803306    
  0.985758007    
  0.985711277    
  0.985663295    
  0.985614061    
  0.985563099    
  0.985510767    
  0.985456705    
  0.985400975    
  0.985343456    
  0.985284269    
  0.985223353    
  0.985160768    
  0.985096395    
  0.985030353    
  0.984962702    
  0.984893322    
  0.984822631    
  0.984750330    
  0.984676600    
  0.984601855    
  0.984525561    
  0.984448552    
  0.984370649    
  0.984291732    
  0.984212160    
  0.984132230    
  0.984051764    
  0.983971119    
  0.983890235    
  0.983809352    
  0.983728886    
  0.983648479    
  0.983568430    
  0.983489215    
  0.983410358    
  0.983332574    
  0.983255744    
  0.983179629    
  0.983105004    
  0.983031154    
  0.982958972    
  0.982887805    
  0.982818067    
  0.982749760    
  0.982683003    
  0.982617736    
  0.982553601    
  0.982490957    
  0.982429504    
  0.982369721    
  0.982311249    
  0.982253850    
  0.982197821    
  0.982142806    
  0.982088685    
  0.982035637    
  0.981983185    
  0.981931329    
  0.981879950    
  0.981829047    
  0.981778443    
  0.981727898    
  0.981677353    
  0.981626689    
  0.981575668    
  0.981524169    
  0.981472075    
  0.981419325    
  0.981365561    
  0.981310904    
  0.981255174    
  0.981198013    
  0.981139898    
  0.981080174    
  0.981018782    
  0.980955958    
  0.980891228    
  0.980825007    
  0.980757117    
  0.980687380    
  0.980615795    
  0.980542302    
  0.980467319    
  0.980390251    
  0.980311513    
  0.980231166    
  0.980149090    
  0.980065584    
  0.979980350    
  0.979893982    
  0.979806066    
  0.979717076    
  0.979627073    
  0.979536116    
  0.979444087    
  0.979351461    
  0.979258478    
  0.979164958    
  0.979071081    
  0.978977144    
  0.978883266    
  0.978789508    
  0.978695750    
  0.978602707    
  0.978510261    
  0.978418171    
  0.978327394    
  0.978236794    
  0.978147447    
  0.978059411    
  0.977972031    
  0.977886558    
  0.977801919    
  0.977718592    
  0.977636874    
  0.977556169    
  0.977477074    
  0.977399409    
  0.977322936    
  0.977247596    
  0.977173865    
  0.977101386    
  0.977029979    
  0.976959646    
  0.976890445    
  0.976822019    
  0.976754248    
  0.976687312    
  0.976621032    
  0.976555407    
  0.976489544    
  0.976424277    
  0.976358771    
  0.976293445    
  0.976227462    
  0.976161361    
  0.976094842    
  0.976027608    
  0.975959539    
  0.975890279    
  0.975820303    
  0.975748837    
  0.975676417    
  0.975602388    
  0.975526989    
  0.975449860    
  0.975371242    
  0.975291193    
  0.975208998    
  0.975125194    
  0.975039363    
  0.974952042    
  0.974862933    
  0.974771857    
  0.974678874    
  0.974584460    
  0.974488318    
  0.974390566    
  0.974291086    
  0.974190056    
  0.974088013    
  0.973984361    
  0.973879814    
  0.973773897    
  0.973667443    
  0.973560095    
  0.973451972    
  0.973343313    
  0.973234534    
  0.973125279    
  0.973016024    
  0.972906888    
  0.972797930    
  0.972689152    
  0.972580850    
  0.972472966    
  0.972366214    
  0.972260177    
  0.972154856    
  0.972050846    
  0.971947432    
  0.971845627    
  0.971744955    
  0.971645772    
  0.971547544    
  0.971450925    
  0.971355677    
  0.971261919    
  0.971169353    
  0.971078157    
  0.970988274    
  0.970899940    
  0.970812559    
  0.970726609    
  0.970641553    
  0.970557451    
  0.970474422    
  0.970391750    
  0.970310032    
  0.970228910    
  0.970148325    
  0.970067680    
  0.969987512    
  0.969907224    
  0.969826877    
  0.969746351    
  0.969665229    
  0.969583690    
  0.969501257    
  0.969418168    
  0.969334245    
  0.969249010    
  0.969162881    
  0.969075203    
  0.968986273    
  0.968896031    
  0.968804061    
  0.968710661    
  0.968615294    
  0.968518257    
  0.968419552    
  0.968319297    
  0.968216896    
  0.968112946    
  0.968007147    
  0.967899859    
  0.967790544    
  0.967679739    
  0.967567265    
  0.967453420    
  0.967337906    
  0.967221618    
  0.967103899    
  0.966985285    
  0.966865242    
  0.966744483    
  0.966623187    
  0.966501534    
  0.966379166    
  0.966256261    
  0.966133714    
  0.966010928    
  0.965888262    
  0.965765834    
  0.965643764    
  0.965522408    
  0.965401649    
  0.965281785    
  0.965162456    
  0.965044558    
  0.964927197    
  0.964811504    
  0.964696884    
  0.964583397    
  0.964471519    
  0.964360774    
  0.964251518    
  0.964143932    
  0.964037418    
  0.963932455    
  0.963828862    
  0.963726819    
  0.963625848    
  0.963526130    
  0.963427722    
  0.963330388    
  0.963233829    
  0.963138402    
  0.963043630    
  0.962949693    
  0.962856114    
  0.962763131    
  0.962670267    
  0.962577462    
  0.962484956    
  0.962392330    
  0.962299168    
  0.962205708    
  0.962111712    
  0.962017238    
  0.961921692    
  0.961825490    
  0.961727858    
  0.961629450    
  0.961529493    
  0.961428344    
  0.961325526    
  0.961221397    
  0.961115718    
  0.961008191    
  0.960899055    
  0.960788190    
  0.960675776    
  0.960561633    
  0.960445702    
  0.960327864    
  0.960208714    
  0.960087538    
  0.959965169    
  0.959841251    
  0.959715903    
  0.959589064    
  0.959461212    
  0.959332108    
  0.959201992    
  0.959071040    
  0.958939433    
  0.958807111    
  0.958674371    
  0.958541095    
  0.958407938    
  0.958274424    
  0.958141029    
  0.958007872    
  0.957875133    
  0.957742929    
  0.957611084    
  0.957480133    
  0.957350075    
  0.957220912    
  0.957092643    
  0.956965864    
  0.956839919    
  0.956715524    
  0.956592500    
  0.956470788    
  0.956350386    
  0.956231475    
  0.956114173    
  0.955998242    
  0.955883503    
  0.955770373    
  0.955658853    
  0.955548227    
  0.955439031    
  0.955331385    
  0.955224216    
  0.955118299    
  0.955013454    
  0.954909205    
  0.954805374    
  0.954702556    
  0.954599917    
  0.954497457    
  0.954395175    
  0.954293072    
  0.954190552    
  0.954088092    
  0.953984916    
  0.953881562    
  0.953777134    
  0.953671992    
  0.953565955    
  0.953458846    
  0.953350604    
  0.953241169    
  0.953130007    
  0.953017712    
  0.952904046    
  0.952788472    
  0.952671528    
  0.952552736    
  0.952432334    
  0.952310443    
  0.952186644    
  0.952061117    
  0.951933980    
  0.951805353    
  0.951674759    
  0.951543272    
  0.951409996    
  0.951275349    
  0.951139569    
  0.951002359    
  0.950864375    
  0.950725377    
  0.950585425    
  0.950444996    
  0.950303912    
  0.950162292    
  0.950020611    
  0.949878514    
  0.949736774    
  0.949594855    
  0.949453235    
  0.949312091    
  0.949171722    
  0.949031651    
  0.948892534    
  0.948754311    
  0.948617220    
  0.948481023    
  0.948346138    
  0.948212266    
  0.948079944    
  0.947948873    
  0.947819233    
  0.947691381    
  0.947564662    
  0.947439194    
  0.947315514    
  0.947193086    
  0.947072327    
  0.946952760    
  0.946834445    
  0.946717501    
  0.946601629    
  0.946486831    
  0.946373284    
  0.946260095    
  0.946148217    
  0.946036518    
  0.945925713    
  0.945815325    
  0.945704937    
  0.945594609    
  0.945484340    
  0.945374012    
  0.945263326    
  0.945152283    
  0.945040703    
  0.944928288    
  0.944815040    
  0.944700956    
  0.944585621    
  0.944469213    
  0.944351494    
  0.944232762    
  0.944112182    
  0.943990350    
  0.943866849    
  0.943741798    
  0.943615019    
  0.943486810    
  0.943356633    
  0.943225026    
  0.943091750    
  0.942956805    
  0.942820430    
  0.942682564    
  0.942542851    
  0.942402363    
  0.942260146    
  0.942116797    
  0.941972375    
  0.941827059    
  0.941680849    
  0.941533804    
  0.941386223    
  0.941238225    
  0.941089571    
  0.940941215    
  0.940792501    
  0.940643847    
  0.940495253    
  0.940347433    
  0.940200150    
  0.940052867    
  0.939906776    
  0.939761281    
  0.939616978    
  0.939473808    
  0.939331472    
  0.939190507    
  0.939051092    
  0.938912690    
  0.938775897    
  0.938640296    
  0.938506484    
  0.938374221    
  0.938243270    
  0.938113749    
  0.937985837    
  0.937859297    
  0.937734246    
  0.937610388    
  0.937487721    
  0.937366307    
  0.937245786    
  0.937126577    
  0.937008083    
  0.936890364    
  0.936773121    
  0.936656594    
  0.936540306    
  0.936424255    
  0.936308563    
  0.936192513    
  0.936076581    
  0.935960233    
  0.935843170    
  0.935726047    
  0.935607851    
  0.935488820    
  0.935369015    
  0.935247958    
  0.935125768    
  0.935002327    
  0.934877634    
  0.934751272    
  0.934623837    
  0.934494495    
  0.934363842    
  0.934231341    
  0.934097588    
  0.933961868    
  0.933824658    
  0.933685720    
  0.933545411    
  0.933403194    
  0.933260024    
  0.933115184    
  0.932968915    
  0.932821453    
  0.932672918    
  0.932523370    
  0.932372928    
  0.932221413    
  0.932069302    
  0.931916893    
  0.931763768    
  0.931610465    
  0.931456625    
  0.931303263    
  0.931150079    
  0.930996835    
  0.930844128    
  0.930691957    
  0.930540264    
  0.930389404    
  0.930239439    
  0.930090427    
  0.929942608    
  0.929795802    
  0.929650545    
  0.929506183    
  0.929363310    
  0.929221988    
  0.929082215    
  0.928943574    
  0.928806484    
  0.928670943    
  0.928536773    
  0.928404093    
  0.928272903    
  0.928142786    
  0.928014040    
  0.927886605    
  0.927760184    
  0.927634656    
  0.927510321    
  0.927386463    
  0.927263379    
  0.927141249    
  0.927019119    
  0.926897347    
  0.926775932    
  0.926654398    
  0.926532626    
  0.926410556    
  0.926288366    
  0.926165521    
  0.926042199    
  0.925917804    
  0.925792694    
  0.925666392    
  0.925539196    
  0.925410628    
  0.925280750    
  0.925149322    
  0.925016463    
  0.924882293    
  0.924746335    
  0.924608767    
  0.924469709    
  0.924328625    
  0.924186051    
  0.924042046    
  0.923896015    
  0.923748553    
  0.923599422    
  0.923448980    
  0.923297107    
  0.923143625    
  0.922989011    
  0.922833383    
  0.922676384    
  0.922518790    
  0.922360122    
  0.922200620    
  0.922040582    
  0.921880484    
  0.921719909    
  0.921558857    
  0.921398342    
  0.921237588    
  0.921076834    
  0.920916736    
  0.920757055    
  0.920597970    
  0.920439780    
  0.920282185    
  0.920125723    
  0.919970214    
  0.919815898    
  0.919662595    
  0.919510901    
  0.919360220    
  0.919210970    
  0.919063091    
  0.918916583    
  0.918771684    
  0.918627679    
  0.918485463    
  0.918344498    
  0.918204784    
  0.918066561    
  0.917929173    
  0.917792916    
  0.917657793    
  0.917523623    
  0.917390287    
  0.917257369    
  0.917125404    
  0.916993737    
  0.916862249    
  0.916731238    
  0.916600168    
  0.916468740    
  0.916337490    
  0.916205704    
  0.916073561    
  0.915940642    
  0.915807068    
  0.915672421    
  0.915536821    
  0.915400386    
  0.915262759    
  0.915123582    
  0.914982975    
  0.914840817    
  0.914697468    
  0.914552271    
  0.914405406    
  0.914256871    
  0.914106905    
  0.913954854    
  0.913801253    
  0.913645804    
  0.913488686    
  0.913330078    
  0.913169920    
  0.913008153    
  0.912844956    
  0.912680626    
  0.912514806    
  0.912347615    
  0.912179589    
  0.912010610    
  0.911840677    
  0.911670029    
  0.911498845    
  0.911327362    
  0.911155283    
  0.910983264    
  0.910811245    
  0.910639226    
  0.910467327    
  0.910296023    
  0.910124958    
  0.909954846    
  0.909785330    
  0.909616113    
  0.909448445    
  0.909281552    
  0.909115911    
  0.908951223    
  0.908788025    
  0.908626020    
  0.908465207    
  0.908305824    
  0.908147812    
  0.907991230    
  0.907835960    
  0.907681942    
  0.907529294    
  0.907377958    
  0.907227695    
  0.907078445    
  0.906930268    
  0.906783164    
  0.906636953    
  0.906491220    
  0.906346381    
  0.906202137    
  0.906058013    
  0.905914247    
  0.905770481    
  0.905627131    
  0.905483127    
  0.905339003    
  0.905194581    
  0.905049622    
  0.904903948    
  0.904757440    
  0.904609919    
  0.904461384    
  0.904311597    
  0.904160738    
  0.904008627    
  0.903854728    
  0.903699696    
  0.903542936    
  0.903384447    
  0.903224468    
  0.903062701    
  0.902899086    
  0.902733862    
  0.902566910    
  0.902398527    
  0.902228177    
  0.902056217    
  0.901882768    
  0.901707768    
  0.901531518    
  0.901353896    
  0.901174903    
  0.900994718    
  0.900813460    
  0.900631547    
  0.900448501    
  0.900265157    
  0.900081038    
  0.899896443    
  0.899711907    
  0.899526954    
  0.899342179    
  0.899157584    
  0.898973107    
  0.898789108    
  0.898605585    
  0.898422778    
  0.898240626    
  0.898059428    
  0.897879362    
  0.897700012    
  0.897521973    
  0.897345126    
  0.897169352    
  0.896994889    
  0.896821916    
  0.896650195    
  0.896480024    
  0.896310925    
  0.896143317    
  0.895977139    
  0.895812154    
  0.895648479    
  0.895485759    
  0.895324230    
  0.895163953    
  0.895004153    
  0.894845366    
  0.894687474    
  0.894530237    
  0.894373357    
  0.894216895    
  0.894060314    
  0.893904448    
  0.893748164    
  0.893591583    
  0.893435061    
  0.893278003    
  0.893120408    
  0.892962039    
  0.892802715    
  0.892642796    
  0.892481387    
  0.892319262    
  0.892155647    
  0.891990542    
  0.891824424    
  0.891656458    
  0.891487241    
  0.891316175    
  0.891143560    
  0.890969336    
  0.890793502    
  0.890615761    
  0.890436411    
  0.890255451    
  0.890072882    
  0.889888704    
  0.889703155    
  0.889516175    
  0.889327705    
  0.889138222    
  0.888947248    
  0.888755262    
  0.888562441    
  0.888368726    
  0.888174355    
  0.887979448    
  0.887783885    
  0.887588084    
  0.887391925    
  0.887196064    
  0.887000024    
  0.886804461    
  0.886609018    
  0.886414170    
  0.886219800    
  0.886026204    
  0.885833561    
  0.885641515    
  0.885450780    
  0.885260999    
  0.885072351    
  0.884885192    
  0.884699166    
  0.884514391    
  0.884330988    
  0.884148836    
  0.883968472    
  0.883789062    
  0.883611202    
  0.883434713    
  0.883259594    
  0.883085489    
  0.882912755    
  0.882741094    
  0.882570505    
  0.882400632    
  0.882231653    
  0.882063329    
  0.881895661    
  0.881728530    
  0.881561756    
  0.881395340    
  0.881228566    
  0.881062150    
  0.880895436    
  0.880728424    
  0.880560935    
  0.880392909    
  0.880224168    
  0.880054712    
  0.879884183    
  0.879712462    
  0.879539788    
  0.879365981    
  0.879190564    
  0.879014015    
  0.878835618    
  0.878656030    
  0.878474593    
  0.878291905    
  0.878107369    
  0.877921045    
  0.877733052    
  0.877543628    
  0.877352595    
  0.877160132    
  0.876965940    
  0.876770377    
  0.876573384    
  0.876375079    
  0.876175523    
  0.875975013    
  0.875773311    
  0.875570953    
  0.875367403    
  0.875163615    
  0.874958992    
  0.874754310    
  0.874549031    
  0.874343693    
  0.874138653    
  0.873933554    
  0.873728633    
  0.873524308    
  0.873320282    
  0.873116970    
  0.872914732    
  0.872712910    
  0.872512341    
  0.872312844    
  0.872114420    
  0.871916831    
  0.871720731    
  0.871526301    
  0.871333003    
  0.871140838    
  0.870950222    
  0.870761037    
  0.870573223    
  0.870386839    
  0.870201766    
  0.870017886    
  0.869835079    
  0.869653761    
  0.869473219    
  0.869293809    
  0.869115472    
  0.868937731    
  0.868760765    
  0.868584275    
  0.868408442    
  0.868232906    
  0.868057311    
  0.867882311    
  0.867706597    
  0.867531061    
  0.867355168    
  0.867178798    
  0.867001712    
  0.866824031    
  0.866645575    
  0.866466045    
  0.866285622    
  0.866104007    
  0.865921021    
  0.865736663    
  0.865551114    
  0.865363955    
  0.865175664    
  0.864985287    
  0.864793837    
  0.864600480    
  0.864405274    
  0.864208996    
  0.864010870    
  0.863811314    
  0.863610268    
  0.863407671    
  0.863203645    
  0.862998426    
  0.862792015    
  0.862584412    
  0.862375557    
  0.862165928    
  0.861955643    
  0.861744463    
  0.861532807    
  0.861320496    
  0.861108184    
  0.860895693    
  0.860683024    
  0.860470533    
  0.860258281    
  0.860046327    
  0.859834731    
  0.859623969    
  0.859413981    
  0.859204352    
  0.858996034    
  0.858788550    
  0.858582437    
  0.858377457    
  0.858173668    
  0.857971251    
  0.857769966    
  0.857570469    
  0.857372224    
  0.857175350    
  0.856979787    
  0.856786013    
  0.856593430    
  0.856402040    
  0.856212199    
  0.856023550    
  0.855836093    
  0.855649590    
  0.855464160    
  0.855279803    
  0.855096161    
  0.854913175    
  0.854730964    
  0.854549050    
  0.854367435    
  0.854186177    
  0.854004979    
  0.853823543    
  0.853642225    
  0.853460371    
  0.853278220    
  0.853095353    
  0.852911949    
  0.852727771    
  0.852542579    
  0.852356255    
  0.852168858    
  0.851980329    
  0.851790667    
  0.851599336    
  0.851406932    
  0.851212919    
  0.851017356    
  0.850820303    
  0.850621879    
  0.850421667    
  0.850220144    
  0.850017071    
  0.849812508    
  0.849606395    
  0.849399030    
  0.849190414    
  0.848980367    
  0.848769546    
  0.848557353    
  0.848344207    
  0.848130584    
  0.847915828    
  0.847700596    
  0.847485065    
  0.847269058    
  0.847052813    
  0.846836448    
  0.846620142    
  0.846404195    
  0.846188128    
  0.845972896    
  0.845758259    
  0.845544040    
  0.845330834    
  0.845118344    
  0.844907045    
  0.844696581    
  0.844487548    
  0.844279766    
  0.844073176    
  0.843867838    
  0.843663931    
  0.843461633    
  0.843260705    
  0.843061030    
  0.842863262    
  0.842666507    
  0.842471182    
  0.842277229    
  0.842084765    
  0.841893435    
  0.841703355    
  0.841514289    
  0.841326177    
  0.841139138    
  0.840952694    
  0.840767205    
  0.840582073    
  0.840397358    
  0.840213120    
  0.840028882    
  0.839844823    
  0.839660764    
  0.839476347    
  0.839291811    
  0.839106560    
  0.838920712    
  0.838734269    
  0.838547111    
  0.838358819    
  0.838169694    
  0.837979257    
  0.837787628    
  0.837594867    
  0.837400675    
  0.837204874    
  0.837007761    
  0.836809158    
  0.836609066    
  0.836407363    
  0.836204410    
  0.835999668    
  0.835793674    
  0.835586071    
  0.835377216    
  0.835166812    
  0.834955275    
  0.834742427    
  0.834528565    
  0.834313571    
  0.834097922    
  0.833881378    
  0.833663762    
  0.833446085    
  0.833227932    
  0.833009183    
  0.832790315    
  0.832571566    
  0.832352817    
  0.832134247    
  0.831915975    
  0.831698239    
  0.831481159    
  0.831264496    
  0.831048787    
  0.830834031    
  0.830620348    
  0.830407500    
  0.830195904    
  0.829985619    
  0.829776824    
  0.829568982    
  0.829362571    
  0.829157770    
  0.828954220    
  0.828752160    
  0.828551471    
  0.828351974    
  0.828154087    
  0.827957630    
  0.827762067    
  0.827567816    
  0.827374697    
  0.827182770    
  0.826991558    
  0.826801181    
  0.826611578    
  0.826422691    
  0.826234162    
  0.826046050    
  0.825858057    
  0.825670242    
  0.825482547    
  0.825294435    
  0.825106323    
  0.824917912    
  0.824728549    
  0.824538767    
  0.824348271    
  0.824156582    
  0.823964179    
  0.823770523    
  0.823575854    
  0.823379755    
  0.823182464    
  0.822983563    
  0.822783411    
  0.822581649    
  0.822378516    
  0.822173536    
  0.821967423    
  0.821759522    
  0.821549892    
  0.821339071    
  0.821126819    
  0.820913017    
  0.820697784    
  0.820481479    
  0.820263922    
  0.820045114    
  0.819825351    
  0.819604695    
  0.819383264    
  0.819161117    
  0.818938315    
  0.818715215    
  0.818491757    
  0.818267882    
  0.818044126    
  0.817820728    
  0.817597091    
  0.817374051    
  0.817151070    
  0.816928923    
  0.816707492    
  0.816486895    
  0.816267073    
  0.816048205    
  0.815830350    
  0.815613627    
  0.815398335    
  0.815184057    
  0.814970851    
  0.814759254    
  0.814549029    
  0.814340115    
  0.814132512    
  0.813926101    
  0.813721240    
  0.813517570    
  0.813315034    
  0.813113689    
  0.812913418    
  0.812714458    
  0.812516212    
  0.812318504    
  0.812122226    
  0.811925948    
  0.811730504    
  0.811535358    
  0.811340749    
  0.811145782    
  0.810951233    
  0.810756385    
  0.810561478    
  0.810366094    
  0.810170114    
  0.809973478    
  0.809776366    
  0.809578359    
  0.809379280    
  0.809179187    
  0.808977842    
  0.808775425    
  0.808571398    
  0.808366239    
  0.808159530    
  0.807951093    
  0.807741523    
  0.807530105    
  0.807317197    
  0.807102859    
  0.806886792    
  0.806668997    
  0.806449950    
  0.806229413    
  0.806007326    
  0.805783868    
  0.805559158    
  0.805333436    
  0.805106342    
  0.804878175    
  0.804649353    
  0.804419637    
  0.804189146    
  0.803958178    
  0.803726852    
  0.803495109    
  0.803263009    
  0.803030849    
  0.802799284    
  0.802567542    
  0.802335918    
  0.802105188    
  0.801874757    
  0.801645100    
  0.801416039    
  0.801187992    
  0.800960839    
  0.800734818    
  0.800509751    
  0.800285876    
  0.800063193    
  0.799841881    
  0.799621820    
  0.799403191    
  0.799185812    
  0.798969448    
  0.798754692    
  0.798541188    
  0.798328996    
  0.798117578    
  0.797907710    
  0.797698557    
  0.797490656    
  0.797283471    
  0.797077119    
  0.796871483    
  0.796666324    
  0.796461761    
  0.796257496    
  0.796053469    
  0.795849264    
  0.795645297    
  0.795441151    
  0.795236707    
  0.795031786    
  0.794826567    
  0.794620275    
  0.794413626    
  0.794205666    
  0.793997049    
  0.793787301    
  0.793576121    
  0.793363988    
  0.793150246    
  0.792935371    
  0.792718947    
  0.792500734    
  0.792281330    
  0.792060196    
  0.791837633    
  0.791613579    
  0.791387796    
  0.791160583    
  0.790931642    
  0.790701628    
  0.790469885    
  0.790237069    
  0.790002882    
  0.789767683    
  0.789531052    
  0.789293885    
  0.789055586    
  0.788816512    
  0.788576841    
  0.788336873    
  0.788096309    
  0.787855685    
  0.787614763    
  0.787373900    
  0.787133038    
  0.786892533    
  0.786652446    
  0.786412954    
  0.786173761    
  0.785935402    
  0.785697758    
  0.785461307    
  0.785225570    
  0.784991026    
  0.784757674    
  0.784525275    
  0.784294248    
  0.784064651    
  0.783836186    
  0.783609033    
  0.783383250    
  0.783158839    
  0.782935441    
  0.782713413    
  0.782492578    
  0.782273233    
  0.782054663    
  0.781837106    
  0.781620741    
  0.781404912    
  0.781190038    
  0.780975521    
  0.780761898    
  0.780548751    
  0.780335784    
  0.780122876    
  0.779910386    
  0.779697537    
  0.779484510    
  0.779271305    
  0.779057503    
  0.778843403    
  0.778628349    
  0.778412521    
  0.778195858    
  0.777978301    
  0.777759492    
  0.777539492    
  0.777318358    
  0.777095735    
  0.776871741    
  0.776646435    
  0.776419580    
  0.776191294    
  0.775961220    
  0.775729597    
  0.775496721    
  0.775262117    
  0.775026262    
  0.774788916    
  0.774549782    
  0.774309695    
  0.774068117    
  0.773825407    
  0.773581624    
  0.773336828    
  0.773091018    
  0.772844434    
  0.772597194    
  0.772349238    
  0.772100925    
  0.771852195    
  0.771603346    
  0.771354556    
  0.771105528    
  0.770856738    
  0.770608366    
  0.770360351    
  0.770112634    
  0.769865751    
  0.769619644    
  0.769374251    
  0.769129992    
  0.768886507    
  0.768644273    
  0.768402934    
  0.768162906    
  0.767924428    
  0.767686665    
  0.767450511    
  0.767215788    
  0.766981900    
  0.766749859    
  0.766518772    
  0.766288936    
  0.766060352    
  0.765832901    
  0.765606105    
  0.765380859    
  0.765156329    
  0.764932454    
  0.764709532    
  0.764487326    
  0.764265537    
  0.764043987    
  0.763822794    
  0.763601720    
  0.763380766    
  0.763159692    
  0.762938321    
  0.762716711    
  0.762494564    
  0.762271941    
  0.762048483    
  0.761824131    
  0.761598825    
  0.761372745    
  0.761145592    
  0.760917127    
  0.760687232    
  0.760456204    
  0.760223866    
  0.759989619    
  0.759754360    
  0.759517550    
  0.759279072    
  0.759039223    
  0.758797884    
  0.758554935    
  0.758310556    
  0.758064926    
  0.757817626    
  0.757569492    
  0.757319689    
  0.757068992    
  0.756817162    
  0.756564438    
  0.756310701    
  0.756056309    
  0.755801380    
  0.755545914    
  0.755289793    
  0.755033731    
  0.754777372    
  0.754520953    
  0.754264474    
  0.754008591    
  0.753752828    
  0.753497601    
  0.753242910    
  0.752988935    
  0.752735674    
  0.752483487    
  0.752232075    
  0.751981795    
  0.751732767    
  0.751484752    
  0.751237988    
  0.750992537    
  0.750748217    
  0.750505507    
  0.750263870    
  0.750023723    
  0.749784708    
  0.749547005    
  0.749310613    
  0.749075472    
  0.748841465    
  0.748608530    
  0.748376310    
  0.748145282    
  0.747915089    
  0.747685492    
  0.747456670    
  0.747228444    
  0.747000217    
  0.746772528    
  0.746544838    
  0.746317327    
  0.746089756    
  0.745861948    
  0.745633662    
  0.745405197    
  0.745175898    
  0.744946003    
  0.744715333    
  0.744483888    
  0.744251370    
  0.744017541    
  0.743782818    
  0.743546784    
  0.743309617    
  0.743070900    
  0.742830992    
  0.742589474    
  0.742346644    
  0.742102206    
  0.741856694    
  0.741609454    
  0.741360903    
  0.741110921    
  0.740859687    
  0.740607142    
  0.740353525    
  0.740098536    
  0.739842832    
  0.739585876    
  0.739328086    
  0.739069760    
  0.738810539    
  0.738551021    
  0.738290727    
  0.738030255    
  0.737769842    
  0.737509251    
  0.737248778    
  0.736988366    
  0.736728370    
  0.736468792    
  0.736209810    
  0.735951364    
  0.735693872    
  0.735437155    
  0.735181391    
  0.734926462    
  0.734672844    
  0.734420359    
  0.734169304    
  0.733919382    
  0.733670712    
  0.733423412    
  0.733177543    
  0.732933044    
  0.732689917    
  0.732448101    
  0.732207596    
  0.731968224    
  0.731730103    
  0.731493056    
  0.731257439    
  0.731022596    
  0.730788767    
  0.730555654    
  0.730323434    
  0.730091929    
  0.729860783    
  0.729629874    
  0.729399621    
  0.729169250    
  0.728939116    
  0.728708923    
  0.728478253    
  0.728247404    
  0.728016257    
  0.727784395    
  0.727552056    
  0.727318764    
  0.727084696    
  0.726849794    
  0.726613522    
  0.726376355    
  0.726137996    
  0.725898325    
  0.725657403    
  0.725415111    
  0.725171566    
  0.724926651    
  0.724680126    
  0.724432409    
  0.724183440    
  0.723933041    
  0.723681271    
  0.723428309    
  0.723174155    
  0.722918868    
  0.722662449    
  0.722405195    
  0.722146928    
  0.721888125    
  0.721628249    
  0.721368253    
  0.721107364    
  0.720846534    
  0.720585227    
  0.720323861    
  0.720062554    
  0.719801486    
  0.719540477    
  0.719280064    
  0.719020188    
  0.718760610    
  0.718502104    
  0.718244374    
  0.717987359    
  0.717731535    
  0.717476666    
  0.717223048    
  0.716970563    
  0.716719449    
  0.716469467    
  0.716221094    
  0.715973854    
  0.715728104    
  0.715483606    
  0.715240598    
  0.714998960    
  0.714758456    
  0.714519501    
  0.714281559    
  0.714044809    
  0.713809013    
  0.713574529    
  0.713340521    
  0.713107586    
  0.712875366    
  0.712643564    
  0.712412655    
  0.712181926    
  0.711951256    
  0.711721063    
  0.711490571    
  0.711260140    
  0.711029410    
  0.710798442    
  0.710566998    
  0.710334957    
  0.710102320    
  0.709868789    
  0.709634483    
  0.709399283    
  0.709162891    
  0.708925366    
  0.708686829    
  0.708446860    
  0.708205581    
  0.707963347    
  0.707719326    
  0.707474232    
  0.707227826    
  0.706979692    
  0.706730545    
  0.706480026    
  0.706228256    
  0.705975235    
  0.705721140    
  0.705465853    
  0.705209553    
  0.704952300    
  0.704694211    
  0.704435349    
  0.704176068    
  0.703915894    
  0.703655541    
  0.703394771    
  0.703133881    
  0.702872992    
  0.702612162    
  0.702351272    
  0.702090859    
  0.701830983    
  0.701571345    
  0.701312482    
  0.701054454    
  0.700796962    
  0.700540602    
  0.700285077    
  0.700030744    
  0.699777484    
  0.699525416    
  0.699274719    
  0.699025095    
  0.698776960    
  0.698530018    
  0.698284447    
  0.698040307    
  0.697797537    
  0.697555959    
  0.697315335    
  0.697076380    
  0.696838319    
  0.696601212    
  0.696365416    
  0.696130455    
  0.695896268    
  0.695662856    
  0.695430219    
  0.695197940    
  0.694966078    
  0.694734693    
  0.694503248    
  0.694271982    
  0.694040775    
  0.693809152    
  0.693577409    
  0.693345129    
  0.693112493    
  0.692879081    
  0.692645133    
  0.692410231    
  0.692174256    
  0.691937447    
  0.691699445    
  0.691460311    
  0.691220045    
  0.690978348    
  0.690735221    
  0.690491140    
  0.690245390    
  0.689998090    
  0.689749837    
  0.689500093    
  0.689248681    
  0.688996077    
  0.688742280    
  0.688487113    
  0.688230872    
  0.687973559    
  0.687715352    
  0.687456071    
  0.687195837    
  0.686934888    
  0.686673284    
  0.686411321    
  0.686149001    
  0.685886085    
  0.685622931    
  0.685359955    
  0.685096920    
  0.684833944    
  0.684571505    
  0.684309244    
  0.684047520    
  0.683786571    
  0.683526278    
  0.683266521    
  0.683007836    
  0.682750285    
  0.682493508    
  0.682237864    
  0.681983531    
  0.681730270    
  0.681478202    
  0.681227565    
  0.680978119    
  0.680729926    
  0.680482864    
  0.680237353    
  0.679992974    
  0.679749489    
  0.679507494    
  0.679266393    
  0.679026365    
  0.678787291    
  0.678548992    
  0.678311646    
  0.678074539    
  0.677838385    
  0.677602649    
  0.677367210    
  0.677132010    
  0.676896811    
  0.676661670    
  0.676426530    
  0.676190972    
  0.675955117    
  0.675718904    
  0.675481975    
  0.675244510    
  0.675006211    
  0.674766898    
  0.674526811    
  0.674285471    
  0.674043119    
  0.673799634    
  0.673554659    
  0.673308492    
  0.673061073    
  0.672812283    
  0.672562063    
  0.672310352    
  0.672057390    
  0.671803176    
  0.671547472    
  0.671290278    
  0.671032071    
  0.670772552    
  0.670511901    
  0.670250177    
  0.669987321    
  0.669723690    
  0.669459224    
  0.669194043    
  0.668928266    
  0.668662012    
  0.668395221    
  0.668128192    
  0.667861044    
  0.667593956    
  0.667326927    
  0.667059720    
  0.666793168    
  0.666526973    
  0.666261196    
  0.665996253    
  0.665731847    
  0.665468276    
  0.665205777    
  0.664944053    
  0.664683342    
  0.664423764    
  0.664165616    
  0.663908303    
  0.663652360    
  0.663397610    
  0.663144112    
  0.662891924    
  0.662640929    
  0.662391186    
  0.662142754    
  0.661895216    
  0.661648870    
  0.661403716    
  0.661159396    
  0.660915911    
  0.660673261    
  0.660431445    
  0.660190225    
  0.659949362    
  0.659709215    
  0.659469128    
  0.659229338    
  0.658989608    
  0.658749580    
  0.658509612    
  0.658269465    
  0.658028841    
  0.657787621    
  0.657545924    
  0.657303393    
  0.657060146    
  0.656816065    
  0.656570911    
  0.656324506    
  0.656077325    
  0.655828714    
  0.655578852    
  0.655327678    
  0.655075252    
  0.654821336    
  0.654566169    
  0.654309690    
  0.654051661    
  0.653792322    
  0.653531730    
  0.653269708    
  0.653006494    
  0.652742207    
  0.652476728    
  0.652210176    
  0.651942790    
  0.651674271    
  0.651405096    
  0.651135445    
  0.650864780    
  0.650593877    
  0.650322676    
  0.650051117    
  0.649779379    
  0.649507701    
  0.649236143    
  0.648964822    
  0.648693860    
  0.648423254    
  0.648153126    
  0.647883654    
  0.647614956    
  0.647347033    
  0.647080004    
  0.646813929    
  0.646548986    
  0.646284938    
  0.646022439    
  0.645760596    
  0.645500183    
  0.645241022    
  0.644983113    
  0.644726276    
  0.644470930    
  0.644216359    
  0.643963337    
  0.643711150    
  0.643459916    
  0.643209994    
  0.642960966    
  0.642712533    
  0.642465174    
  0.642218113    
  0.641971827    
  0.641726017    
  0.641480505    
  0.641235232    
  0.640990198    
  0.640745044    
  0.640499949    
  0.640254378    
  0.640008807    
  0.639762700    
  0.639515996    
  0.639268577    
  0.639020681    
  0.638771594    
  0.638521791    
  0.638270915    
  0.638018847    
  0.637765706    
  0.637511373    
  0.637255907    
  0.636998892    
  0.636740625    
  0.636481166    
  0.636219978    
  0.635957718    
  0.635694027    
  0.635429025    
  0.635162711    
  0.634895027    
  0.634626150    
  0.634356260    
  0.634085119    
  0.633813083    
  0.633539796    
  0.633266091    
  0.632991493    
  0.632716179    
  0.632440507    
  0.632164180    
  0.631887615    
  0.631610930    
  0.631333768    
  0.631057024    
  0.630780160    
  0.630503654    
  0.630227447    
  0.629951894    
  0.629676759    
  0.629402101    
  0.629128516    
  0.628855705    
  0.628583670    
  0.628312588    
  0.628042459    
  0.627773643    
  0.627506018    
  0.627239347    
  0.626973867    
  0.626709700    
  0.626446664    
  0.626184940    
  0.625924289    
  0.625664771    
  0.625406444    
  0.625149310    
  0.624893069    
  0.624637902    
  0.624383509    
  0.624129891    
  0.623877227    
  0.623624980    
  0.623373508    
  0.623122096    
  0.622871161    
  0.622620583    
  0.622370005    
  0.622119606    
  0.621869028    
  0.621618092    
  0.621366739    
  0.621115267    
  0.620862901    
  0.620610058    
  0.620356441    
  0.620102048    
  0.619846642    
  0.619590163    
  0.619332612    
  0.619074166    
  0.618814290    
  0.618553221    
  0.618291020    
  0.618027210    
  0.617762387    
  0.617496014    
  0.617228448    
  0.616959572    
  0.616689265    
  0.616417944    
  0.616145313    
  0.615871429    
  0.615596652    
  0.615320742    
  0.615043819    
  0.614766002    
  0.614487588    
  0.614208281    
  0.613928497    
  0.613648295    
  0.613367558    
  0.613086760    
  0.612805724    
  0.612524807    
  0.612243712    
  0.611962974    
  0.611682415    
  0.611402452    
  0.611122847    
  0.610843837    
  0.610565782    
  0.610288262    
  0.610011876    
  0.609736204    
  0.609461665    
  0.609188080    
  0.608915627    
  0.608644605    
  0.608374357    
  0.608105719    
  0.607838094    
  0.607571781    
  0.607306600    
  0.607042670    
  0.606779873    
  0.606518388    
  0.606257737    
  0.605998337    
  0.605739713    
  0.605482101    
  0.605225384    
  0.604969144    
  0.604713917    
  0.604458869    
  0.604204357    
  0.603950322    
  0.603696406    
  0.603442669    
  0.603188872    
  0.602934837    
  0.602680922    
  0.602426469    
  0.602171659    
  0.601916194    
  0.601660252    
  0.601403475    
  0.601146042    
  0.600887537    
  0.600628197    
  0.600367904    
  0.600106239    
  0.599843621    
  0.599579692    
  0.599314511    
  0.599048316    
  0.598780751    
  0.598511875    
  0.598241687    
  0.597970545    
  0.597698033    
  0.597424448    
  0.597149611    
  0.596873641    
  0.596596718    
  0.596319139    
  0.596040368    
  0.595761061    
  0.595480800    
  0.595200181    
  0.594919086    
  0.594637454    
  0.594355583    
  0.594073474    
  0.593791604    
  0.593509734    
  0.593227983    
  0.592946410    
  0.592665255    
  0.592384696    
  0.592104495    
  0.591825187    
  0.591546655    
  0.591268837    
  0.590992153    
  0.590716422    
  0.590441763    
  0.590168297    
  0.589895904    
  0.589624822    
  0.589354873    
  0.589086354    
  0.588818908    
  0.588552773    
  0.588287950    
  0.588024199    
  0.587761879    
  0.587500513    
  0.587240398    
  0.586981237    
  0.586723089    
  0.586465955    
  0.586209476    
  0.585954010    
  0.585699022    
  0.585444689    
  0.585190773    
  0.584936917    
  0.584683657    
  0.584430456    
  0.584177256    
  0.583924055    
  0.583670616    
  0.583416820    
  0.583162606    
  0.582907975    
  0.582652569    
  0.582396805    
  0.582140028    
  0.581882238    
  0.581623971    
  0.581364393    
  0.581103861    
  0.580842257    
  0.580579519    
  0.580315530    
  0.580050588    
  0.579784214    
  0.579516947    
  0.579248071    
  0.578978181    
  0.578707278    
  0.578435242    
  0.578162134    
  0.577888191    
  0.577613115    
  0.577337265    
  0.577060699    
  0.576783419    
  0.576505542    
  0.576227069    
  0.575948298    
  0.575669110    
  0.575389862    
  0.575110376    
  0.574831009    
  0.574551821    
  0.574272811    
  0.573994160    
  0.573715866    
  0.573438168    
  0.573161125    
  0.572884917    
  0.572609484    
  0.572334707    
  0.572061241    
  0.571788728    
  0.571517289    
  0.571246922    
  0.570977807    
  0.570709825    
  0.570443213    
  0.570177853    
  0.569913745    
  0.569650888    
  0.569389284    
  0.569128811    
  0.568869472    
  0.568611562    
  0.568354487    
  0.568098605    
  0.567843497    
  0.567589343    
  0.567336082    
  0.567083538    
  0.566831589    
  0.566580057    
  0.566329002    
  0.566078305    
  0.565827727    
  0.565577209    
  0.565326810    
  0.565076411    
  0.564825654    
  0.564574480    
  0.564322948    
  0.564070880    
  0.563818276    
  0.563564777    
  0.563310564    
  0.563055634    
  0.562799633    
  0.562542856    
  0.562284708    
  0.562025428    
  0.561765432    
  0.561503887    
  0.561241329    
  0.560977459    
  0.560712576    
  0.560446501    
  0.560179174    
  0.559910715    
  0.559641302    
  0.559370995    
  0.559099376    
  0.558826983    
  0.558553994    
  0.558279991    
  0.558005333    
  0.557730079    
  0.557454407    
  0.557178378    
  0.556902111    
  0.556625664    
  0.556348920    
  0.556072235    
  0.555795789    
  0.555519640    
  0.555243790    
  0.554968357    
  0.554693520    
  0.554419279    
  0.554145694    
  0.553873181    
  0.553601325    
  0.553330541    
  0.553060770    
  0.552791774    
  0.552524447    
  0.552257895    
  0.551992655    
  0.551728666    
  0.551465750    
  0.551204026    
  0.550943613    
  0.550684452    
  0.550426364    
  0.550169468    
  0.549913585    
  0.549658954    
  0.549404860    
  0.549151957    
  0.548899829    
  0.548648417    
  0.548397660    
  0.548147440    
  0.547897577    
  0.547648251    
  0.547399282    
  0.547150135    
  0.546901226    
  0.546652377    
  0.546402991    
  0.546153605    
  0.545903623    
  0.545653462    
  0.545402408    
  0.545150995    
  0.544898689    
  0.544645548    
  0.544391513    
  0.544136524    
  0.543880582    
  0.543623447    
  0.543365300    
  0.543106019    
  0.542845547    
  0.542583823    
  0.542321026    
  0.542056918    
  0.541791737    
  0.541525364    
  0.541258037    
  0.540989578    
  0.540719986    
  0.540449619    
  0.540178418    
  0.539906144    
  0.539633393    
  0.539359808    
  0.539085686    
  0.538811266    
  0.538536429    
  0.538261175    
  0.537985802    
  0.537710309    
  0.537435055    
  0.537159741    
  0.536884904    
  0.536610425    
  0.536336362    
  0.536062777    
  0.535789847    
  0.535517752    
  0.535246313    
  0.534975827    
  0.534706295    
  0.534437954    
  0.534170449    
  0.533904076    
  0.533638954    
  0.533374727    
  0.533111870    
  0.532850325    
  0.532589734    
  0.532330334    
  0.532072306    
  0.531815290    
  0.531559348    
  0.531304419    
  0.531050503    
  0.530797541    
  0.530545354    
  0.530293822    
  0.530043185    
  0.529792964    
  0.529543579    
  0.529294074    
  0.529045403    
  0.528796673    
  0.528548002    
  0.528299451    
  0.528050721    
  0.527801871    
  0.527552664    
  0.527302861    
  0.527052820    
  0.526802063    
  0.526550531    
  0.526298523    
  0.526045442    
  0.525791526    
  0.525536537    
  0.525280535    
  0.525023580    
  0.524765432    
  0.524505973    
  0.524245679    
  0.523984015    
  0.523721218    
  0.523457348    
  0.523192167    
  0.522925973    
  0.522658646    
  0.522390485    
  0.522121012    
  0.521850765    
  0.521579623    
  0.521307826    
  0.521035016    
  0.520761967    
  0.520488262    
  0.520214021    
  0.519939542    
  0.519664764    
  0.519389629    
  0.519114733    
  0.518839836    
  0.518565178    
  0.518290699    
  0.518016696    
  0.517743051    
  0.517470062    
  0.517197549    
  0.516925752    
  0.516654968    
  0.516385138    
  0.516116142    
  0.515847862    
  0.515580833    
  0.515314996    
  0.515050173    
  0.514786422    
  0.514523804    
  0.514262438    
  0.514002085    
  0.513743162    
  0.513485134    
  0.513228238    
  0.512972295    
  0.512717426    
  0.512463391    
  0.512210131    
  0.511957884    
  0.511706114    
  0.511455119    
  0.511204660    
  0.510954618    
  0.510704994    
  0.510455668    
  0.510206223    
  0.509957135    
  0.509707808    
  0.509458303    
  0.509208679    
  0.508958519    
  0.508708119    
  0.508457243    
  0.508205414    
  0.507953107    
  0.507699609    
  0.507445753    
  0.507190466    
  0.506934524    
  0.506677449    
  0.506419301    
  0.506160140    
  0.505899787    
  0.505638003    
  0.505375445    
  0.505111575    
  0.504846334    
  0.504580140    
  0.504313052    
  0.504044533    
  0.503775120    
  0.503504634    
  0.503233492    
  0.502961278    
  0.502688408    
  0.502414942    
  0.502140522    
  0.501866043    
  0.501590967    
  0.501315415    
  0.501039684    
  0.500763893    
  0.500488162    
  0.500212252    
  0.499936759    
  0.499661595    
  0.499386609    
  0.499112338    
  0.498838335    
  0.498565167    
  0.498292655    
  0.498020887    
  0.497750103    
  0.497480184    
  0.497211218    
  0.496943384    
  0.496676505    
  0.496410638    
  0.496146023    
  0.495882481    
  0.495620102    
  0.495358706    
  0.495098501    
  0.494839162    
  0.494581103    
  0.494323909    
  0.494067729    
  0.493812293    
  0.493557572    
  0.493303835    
  0.493050694    
  0.492798001    
  0.492545992    
  0.492294192    
  0.492042869    
  0.491791546    
  0.491540432    
  0.491289258    
  0.491038114    
  0.490786701    
  0.490534842    
  0.490282744    
  0.490030020    
  0.489777118    
  0.489523202    
  0.489268690    
  0.489013046    
  0.488756835    
  0.488499612    
  0.488241345    
  0.487982064    
  0.487721622    
  0.487460166    
  0.487197459    
  0.486933708    
  0.486668885    
  0.486402541    
  0.486135304    
  0.485866874    
  0.485597610    
  0.485326916    
  0.485055536    
  0.484783024    
  0.484509736    
  0.484235615    
  0.483960569    
  0.483685046    
  0.483408898    
  0.483132452    
  0.482855409    
  0.482578129    
  0.482300639    
  0.482023090    
  0.481745392    
  0.481467992    
  0.481190771    
  0.480913877    
  0.480637372    
  0.480361134    
  0.480085731    
  0.479810953    
  0.479536921    
  0.479263484    
  0.478991270    
  0.478719622    
  0.478449017    
  0.478179514    
  0.477910906    
  0.477643609    
  0.477377206    
  0.477111936    
  0.476847887    
  0.476584673    
  0.476322770    
  0.476061583    
  0.475801706    
  0.475542635    
  0.475284636    
  0.475027174    
  0.474770635    
  0.474514872    
  0.474259704    
  0.474004984    
  0.473750681    
  0.473496914    
  0.473243237    
  0.472989947    
  0.472736567    
  0.472483248    
  0.472229749    
  0.471976161    
  0.471722245    
  0.471467882    
  0.471212864    
  0.470957428    
  0.470701396    
  0.470444560    
  0.470186770    
  0.469928265    
  0.469668835    
  0.469408333    
  0.469146788    
  0.468884319    
  0.468620598    
  0.468355983    
  0.468089998    
  0.467823088    
  0.467555016    
  0.467285901    
  0.467015654    
  0.466744244    
  0.466472179    
  0.466198742    
  0.465924889    
  0.465649813    
  0.465374321    
  0.465097964    
  0.464821011    
  0.464543670    
  0.464265913    
  0.463987768    
  0.463709533    
  0.463430971    
  0.463152498    
  0.462874174    
  0.462595791    
  0.462317973    
  0.462040395    
  0.461762995    
  0.461486489    
  0.461210370    
  0.460935146    
  0.460660666    
  0.460387081    
  0.460114300    
  0.459842473    
