   1.00000286    
   1.00000119    
  0.999995828    
  0.999987125    
  0.999974847    
  0.999958992    
  0.999940038    
  0.999917030    
  0.999890924    
  0.999861598    
  0.999828815    
  0.999792814    
  0.999753714    
  0.999711156    
  0.999665499    
  0.999616802    
  0.999565184    
  0.999510348    
  0.999452770    
  0.999392748    
  0.999329567    
  0.999263763    
  0.999195635    
  0.999124706    
  0.999051690    
  0.998976231    
  0.998898804    
  0.998819351    
  0.998737395    
  0.998653889    
  0.998568594    
  0.998481274    
  0.998392761    
  0.998302341    
  0.998210847    
  0.998118341    
  0.998024344    
  0.997929335    
  0.997833610    
  0.997736812    
  0.997639358    
  0.997541130    
  0.997442901    
  0.997344017    
  0.997245073    
  0.997145653    
  0.997046292    
  0.996946990    
  0.996848106    
  0.996749043    
  0.996651232    
  0.996553302    
  0.996455729    
  0.996359706    
  0.996264040    
  0.996169567    
  0.996076047    
  0.995983362    
  0.995892346    
  0.995802402    
  0.995714009    
  0.995626926    
  0.995541692    
  0.995458305    
  0.995376468    
  0.995296776    
  0.995218277    
  0.995142758    
  0.995068789    
  0.994997084    
  0.994927526    
  0.994860709    
  0.994796276    
  0.994733751    
  0.994674146    
  0.994617343    
  0.994562745    
  0.994511187    
  0.994462430    
  0.994415939    
  0.994372904    
  0.994332373    
  0.994295061    
  0.994260490    
  0.994229198    
  0.994200647    
  0.994175494    
  0.994153261    
  0.994134009    
  0.994118333    
  0.994105458    
  0.994095743    
  0.994089305    
  0.994085848    
  0.994085968    
  0.994089305    
  0.994095385    
  0.994104862    
  0.994117856    
  0.994133890    
  0.994152784    
  0.994175136    
  0.994200170    
  0.994228840    
  0.994260252    
  0.994294703    
  0.994332135    
  0.994372427    
  0.994415939    
  0.994462073    
  0.994511425    
  0.994563103    
  0.994617939    
  0.994675100    
  0.994735062    
  0.994797468    
  0.994862497    
  0.994929910    
  0.994999707    
  0.995071650    
  0.995145977    
  0.995222211    
  0.995300829    
  0.995381236    
  0.995463431    
  0.995547235    
  0.995633364    
  0.995721042    
  0.995809793    
  0.995900095    
  0.995991945    
  0.996084929    
  0.996178925    
  0.996273875    
  0.996369660    
  0.996466517    
  0.996564031    
  0.996662080    
  0.996760249    
  0.996859252    
  0.996958196    
  0.997057319    
  0.997156501    
  0.997255206    
  0.997354090    
  0.997452676    
  0.997550309    
  0.997647941    
  0.997744381    
  0.997840405    
  0.997935057    
  0.998028994    
  0.998121798    
  0.998212993    
  0.998303056    
  0.998391449    
  0.998478413    
  0.998563468    
  0.998646736    
  0.998727739    
  0.998807430    
  0.998884618    
  0.998959601    
  0.999031782    
  0.999102056    
  0.999169886    
  0.999234796    
  0.999297380    
  0.999357104    
  0.999413669    
  0.999467432    
  0.999518454    
  0.999566257    
  0.999610960    
  0.999652445    
  0.999690771    
  0.999726295    
  0.999757886    
  0.999786615    
  0.999811769    
  0.999833703    
  0.999851823    
  0.999866843    
  0.999878407    
  0.999886394    
  0.999890924    
  0.999891877    
  0.999889374    
  0.999883652    
  0.999874234    
  0.999861717    
  0.999845266    
  0.999825716    
  0.999802828    
  0.999776363    
  0.999746919    
  0.999714136    
  0.999677896    
  0.999638855    
  0.999596655    
  0.999551237    
  0.999502838    
  0.999451697    
  0.999397516    
  0.999340534    
  0.999280691    
  0.999218524    
  0.999153554    
  0.999086261    
  0.999016404    
  0.998944342    
  0.998869836    
  0.998793483    
  0.998714745    
  0.998634458    
  0.998551786    
  0.998467803    
  0.998381793    
  0.998294353    
  0.998205423    
  0.998115242    
  0.998023629    
  0.997930765    
  0.997836947    
  0.997742236    
  0.997646630    
  0.997550309    
  0.997453272    
  0.997355521    
  0.997257471    
  0.997159243    
  0.997060895    
  0.996962011    
  0.996863544    
  0.996764898    
  0.996666372    
  0.996568382    
  0.996470571    
  0.996373355    
  0.996276975    
  0.996180952    
  0.996085882    
  0.995992184    
  0.995898664    
  0.995806932    
  0.995716155    
  0.995626330    
  0.995537996    
  0.995451510    
  0.995366573    
  0.995283246    
  0.995201170    
  0.995121479    
  0.995043576    
  0.994967401    
  0.994893789    
  0.994821608    
  0.994752049    
  0.994684756    
  0.994620085    
  0.994557202    
  0.994497478    
  0.994439840    
  0.994384825    
  0.994332731    
  0.994283497    
  0.994236469    
  0.994192839    
  0.994151831    
  0.994113803    
  0.994078398    
  0.994046152    
  0.994017065    
  0.993991017    
  0.993968189    
  0.993948340    
  0.993931711    
  0.993918300    
  0.993908048    
  0.993900716    
  0.993897140    
  0.993896186    
  0.993899047    
  0.993904591    
  0.993913412    
  0.993925631    
  0.993941069    
  0.993959725    
  0.993981361    
  0.994006574    
  0.994034529    
  0.994065762    
  0.994100094    
  0.994137347    
  0.994177878    
  0.994221091    
  0.994267225    
  0.994316578    
  0.994368613    
  0.994423211    
  0.994480848    
  0.994541228    
  0.994603634    
  0.994669080    
  0.994736910    
  0.994807065    
  0.994879484    
  0.994954169    
  0.995030999    
  0.995109856    
  0.995190799    
  0.995273829    
  0.995358527    
  0.995444596    
  0.995532751    
  0.995622098    
  0.995712936    
  0.995804906    
  0.995898187    
  0.995992720    
  0.996087790    
  0.996183693    
  0.996280670    
  0.996378124    
  0.996476412    
  0.996574700    
  0.996673346    
  0.996772051    
  0.996870816    
  0.996969521    
  0.997068048    
  0.997166038    
  0.997263968    
  0.997360766    
  0.997457325    
  0.997552812    
  0.997647226    
  0.997740805    
  0.997833252    
  0.997924209    
  0.998013914    
  0.998102129    
  0.998188496    
  0.998273075    
  0.998355687    
  0.998436809    
  0.998515546    
  0.998592377    
  0.998666942    
  0.998738945    
  0.998808384    
  0.998875558    
  0.998940408    
  0.999002099    
  0.999061346    
  0.999117553    
  0.999170840    
  0.999221504    
  0.999268889    
  0.999313235    
  0.999354482    
  0.999392629    
  0.999427736    
  0.999458969    
  0.999487579    
  0.999512374    
  0.999534190    
  0.999552667    
  0.999567449    
  0.999578893    
  0.999587119    
  0.999591649    
  0.999593079    
  0.999590814    
  0.999585330    
  0.999576747    
  0.999564350    
  0.999548852    
  0.999530017    
  0.999507964    
  0.999482334    
  0.999453604    
  0.999421895    
  0.999386668    
  0.999348521    
  0.999307275    
  0.999263287    
  0.999216259    
  0.999166071    
  0.999113262    
  0.999057770    
  0.998999238    
  0.998938382    
  0.998874605    
  0.998808742    
  0.998740494    
  0.998669446    
  0.998596668    
  0.998521626    
  0.998444557    
  0.998364985    
  0.998284101    
  0.998200893    
  0.998115957    
  0.998029828    
  0.997941732    
  0.997852623    
  0.997762144    
  0.997669876    
  0.997576773    
  0.997482479    
  0.997387469    
  0.997291505    
  0.997194827    
  0.997097313    
  0.996999383    
  0.996901274    
  0.996802390    
  0.996703625    
  0.996604562    
  0.996505201    
  0.996405959    
  0.996307194    
  0.996208787    
  0.996110201    
  0.996012509    
  0.995915294    
  0.995818555    
  0.995722950    
  0.995628119    
  0.995534062    
  0.995441258    
  0.995349586    
  0.995259047    
  0.995169878    
  0.995082378    
  0.994996250    
  0.994911849    
  0.994829059    
  0.994748354    
  0.994669199    
  0.994592130    
  0.994517088    
  0.994444370    
  0.994373858    
  0.994304895    
  0.994239211    
  0.994175613    
  0.994114637    
  0.994056165    
  0.994000375    
  0.993947387    
  0.993896663    
  0.993849218    
  0.993804514    
  0.993763089    
  0.993724108    
  0.993688345    
  0.993655384    
  0.993626058    
  0.993599653    
  0.993576288    
  0.993555844    
  0.993539214    
  0.993525267    
  0.993514836    
  0.993507922    
  0.993504167    
  0.993503451    
  0.993506014    
  0.993512213    
  0.993521631    
  0.993534446    
  0.993550241    
  0.993569493    
  0.993591845    
  0.993617713    
  0.993646741    
  0.993678927    
  0.993713975    
  0.993752122    
  0.993793845    
  0.993838310    
  0.993885815    
  0.993936479    
  0.993989468    
  0.994045198    
  0.994104385    
  0.994165838    
  0.994230032    
  0.994296730    
  0.994365931    
  0.994437456    
  0.994511306    
  0.994587362    
  0.994665742    
  0.994745612    
  0.994827569    
  0.994911492    
  0.994997323    
  0.995084643    
  0.995173216    
  0.995263696    
  0.995355189    
  0.995447814    
  0.995541692    
  0.995636463    
  0.995732009    
  0.995828092    
  0.995925188    
  0.996022463    
  0.996120393    
  0.996218204    
  0.996316254    
  0.996414185    
  0.996512115    
  0.996609926    
  0.996707082    
  0.996803701    
  0.996899962    
  0.996995330    
  0.997089982    
  0.997183621    
  0.997275889    
  0.997367084    
  0.997457087    
  0.997545421    
  0.997632384    
  0.997717738    
  0.997801304    
  0.997882783    
  0.997962296    
  0.998040199    
  0.998115361    
  0.998188496    
  0.998259842    
  0.998328209    
  0.998394072    
  0.998457432    
  0.998518288    
  0.998576343    
  0.998631358    
  0.998683989    
  0.998733580    
  0.998779893    
  0.998823881    
  0.998863876    
  0.998901546    
  0.998935878    
  0.998966813    
  0.998994946    
  0.999019623    
  0.999040723    
  0.999058843    
  0.999073863    
  0.999085426    
  0.999093592    
  0.999098718    
  0.999100268    
  0.999098361    
  0.999093592    
  0.999084949    
  0.999073505    
  0.999058843    
  0.999040604    
  0.999019146    
  0.998994946    
  0.998966932    
  0.998936236    
  0.998902500    
  0.998865426    
  0.998825550    
  0.998782873    
  0.998737156    
  0.998688281    
  0.998636842    
  0.998582482    
  0.998525798    
  0.998466372    
  0.998404324    
  0.998339534    
  0.998272479    
  0.998203278    
  0.998131692    
  0.998057842    
  0.997981727    
  0.997903705    
  0.997823834    
  0.997741997    
  0.997658432    
  0.997572958    
  0.997486293    
  0.997397661    
  0.997307897    
  0.997216523    
  0.997124016    
  0.997030556    
  0.996935546    
  0.996840239    
  0.996743739    
  0.996646464    
  0.996548176    
  0.996449888    
  0.996350884    
  0.996251523    
  0.996151924    
  0.996052325    
  0.995952308    
  0.995852590    
  0.995753050    
  0.995653689    
  0.995554626    
  0.995456159    
  0.995358288    
  0.995260715    
  0.995164394    
  0.995068550    
  0.994974017    
  0.994880199    
  0.994787693    
  0.994696498    
  0.994606614    
  0.994518161    
  0.994431496    
  0.994346380    
  0.994262815    
  0.994181037    
  0.994101524    
  0.994023800    
  0.993948340    
  0.993874907    
  0.993803620    
  0.993734658    
  0.993668377    
  0.993604302    
  0.993542850    
  0.993483961    
  0.993428111    
  0.993374884    
  0.993324399    
  0.993276358    
  0.993231714    
  0.993189991    
  0.993151367    
  0.993115842    
  0.993083417    
  0.993053973    
  0.993027866    
  0.993004799    
  0.992985308    
  0.992968917    
  0.992955983    
  0.992946088    
  0.992939949    
  0.992936611    
  0.992937088    
  0.992940545    
  0.992947400    
  0.992958128    
  0.992972016    
  0.992988884    
  0.993009329    
  0.993032932    
  0.993059814    
  0.993089974    
  0.993123591    
  0.993159831    
  0.993199527    
  0.993242383    
  0.993287802    
  0.993336499    
  0.993388176    
  0.993442595    
  0.993499637    
  0.993559539    
  0.993622005    
  0.993687034    
  0.993754625    
  0.993824244    
  0.993896782    
  0.993970931    
  0.994047582    
  0.994126022    
  0.994206250    
  0.994288623    
  0.994372547    
  0.994458258    
  0.994545162    
  0.994633734    
  0.994723499    
  0.994814217    
  0.994906127    
  0.994998872    
  0.995092928    
  0.995186985    
  0.995281816    
  0.995377421    
  0.995472908    
  0.995568931    
  0.995665133    
  0.995760918    
  0.995856404    
  0.995952189    
  0.996047378    
  0.996142209    
  0.996236086    
  0.996329248    
  0.996421695    
  0.996513307    
  0.996603370    
  0.996692657    
  0.996780753    
  0.996867001    
  0.996952116    
  0.997035563    
  0.997116983    
  0.997196972    
  0.997274816    
  0.997350991    
  0.997424841    
  0.997496724    
  0.997566283    
  0.997633576    
  0.997698545    
  0.997760832    
  0.997820735    
  0.997877896    
  0.997932792    
  0.997984469    
  0.998033643    
  0.998079717    
  0.998123229    
  0.998163700    
  0.998201370    
  0.998236120    
  0.998267353    
  0.998295665    
  0.998321176    
  0.998343468    
  0.998362243    
  0.998378098    
  0.998390973    
  0.998400509    
  0.998406708    
  0.998409808    
  0.998409569    
  0.998406351    
  0.998400033    
  0.998390257    
  0.998377264    
  0.998360932    
  0.998341680    
  0.998319626    
  0.998294115    
  0.998265564    
  0.998233855    
  0.998199224    
  0.998161674    
  0.998121202    
  0.998077631    
  0.998031020    
  0.997981966    
  0.997930050    
  0.997875631    
  0.997818232    
  0.997758090    
  0.997695565    
  0.997630596    
  0.997563422    
  0.997493625    
  0.997421741    
  0.997347713    
  0.997271240    
  0.997192681    
  0.997112453    
  0.997030199    
  0.996945918    
  0.996860325    
  0.996772766    
  0.996683478    
  0.996592939    
  0.996501148    
  0.996407866    
  0.996313512    
  0.996217966    
  0.996121347    
  0.996024251    
  0.995925903    
  0.995827019    
  0.995727599    
  0.995627284    
  0.995527148    
  0.995426416    
  0.995325565    
  0.995224595    
  0.995123506    
  0.995022655    
  0.994921803    
  0.994821966    
  0.994722068    
  0.994622469    
  0.994523883    
  0.994426310    
  0.994329274    
  0.994233131    
  0.994138420    
  0.994044602    
  0.993952036    
  0.993861139    
  0.993771374    
  0.993683219    
  0.993596971    
  0.993512332    
  0.993429542    
  0.993348837    
  0.993270338    
  0.993193328    
  0.993119299    
  0.993047059    
  0.992977619    
  0.992910385    
  0.992845714    
  0.992783844    
  0.992724478    
  0.992668033    
  0.992614269    
  0.992563665    
  0.992515802    
  0.992471039    
  0.992428839    
  0.992390633    
  0.992354989    
  0.992322803    
  0.992293715    
  0.992267966    
  0.992245615    
  0.992226362    
  0.992210567    
  0.992197871    
  0.992189109    
  0.992183506    
  0.992181242    
  0.992182791    
  0.992187440    
  0.992195368    
  0.992206693    
  0.992221534    
  0.992239833    
  0.992260933    
  0.992285907    
  0.992313683    
  0.992345154    
  0.992379367    
  0.992416859    
  0.992457390    
  0.992501199    
  0.992547750    
  0.992597282    
  0.992649496    
  0.992704630    
  0.992762685    
  0.992823064    
  0.992886126    
  0.992951572    
  0.993019283    
  0.993089378    
  0.993161857    
  0.993236601    
  0.993312716    
  0.993391037    
  0.993471444    
  0.993553221    
  0.993636608    
  0.993721843    
  0.993807733    
  0.993895352    
  0.993984103    
  0.994073868    
  0.994164646    
  0.994255960    
  0.994348049    
  0.994440913    
  0.994534254    
  0.994627535    
  0.994721234    
  0.994815171    
  0.994908869    
  0.995002687    
  0.995096266    
  0.995189488    
  0.995282173    
  0.995374560    
  0.995465994    
  0.995556653    
  0.995646477    
  0.995735407    
  0.995822966    
  0.995909572    
  0.995994866    
  0.996078670    
  0.996160984    
  0.996241629    
  0.996320546    
  0.996397913    
  0.996473074    
  0.996546745    
  0.996617913    
  0.996687174    
  0.996754408    
  0.996819198    
  0.996881902    
  0.996941984    
  0.996999264    
  0.997054458    
  0.997106969    
  0.997156858    
  0.997204125    
  0.997248530    
  0.997290075    
  0.997328758    
  0.997364581    
  0.997397542    
  0.997427702    
  0.997454822    
  0.997478306    
  0.997499228    
  0.997517228    
  0.997531772    
  0.997543156    
  0.997551501    
  0.997556627    
  0.997558892    
  0.997557580    
  0.997553408    
  0.997545898    
  0.997535110    
  0.997521400    
  0.997504234    
  0.997484148    
  0.997460902    
  0.997434616    
  0.997404933    
  0.997372448    
  0.997336507    
  0.997298181    
  0.997256637    
  0.997212112    
  0.997164488    
  0.997114360    
  0.997061610    
  0.997005820    
  0.996947587    
  0.996886194    
  0.996822119    
  0.996756196    
  0.996687531    
  0.996616125    
  0.996543050    
  0.996467113    
  0.996389091    
  0.996309102    
  0.996227384    
  0.996143401    
  0.996057212    
  0.995969772    
  0.995880425    
  0.995789468    
  0.995697141    
  0.995603144    
  0.995507777    
  0.995411575    
  0.995314121    
  0.995215535    
  0.995116115    
  0.995015621    
  0.994914472    
  0.994813144    
  0.994710922    
  0.994608283    
  0.994505346    
  0.994402528    
  0.994299471    
  0.994196653    
  0.994093716    
  0.993991017    
  0.993888915    
  0.993786931    
  0.993685961    
  0.993585646    
  0.993486226    
  0.993387461    
  0.993289709    
  0.993193328    
  0.993098140    
  0.993004441    
  0.992911994    
  0.992821276    
  0.992731810    
  0.992645025    
  0.992559373    
  0.992475748    
  0.992394328    
  0.992315233    
  0.992238164    
  0.992163479    
  0.992091358    
  0.992021680    
  0.991954505    
  0.991890132    
  0.991828382    
  0.991769135    
  0.991713226    
  0.991660058    
  0.991610169    
  0.991563320    
  0.991519272    
  0.991478324    
  0.991440952    
  0.991406739    
  0.991375625    
  0.991348088    
  0.991323888    
  0.991302669    
  0.991285086    
  0.991270840    
  0.991260290    
  0.991253018    
  0.991248906    
  0.991248548    
  0.991251230    
  0.991257668    
  0.991267383    
  0.991280556    
  0.991296828    
  0.991316795    
  0.991339803    
  0.991365790    
  0.991395593    
  0.991428256    
  0.991463959    
  0.991502881    
  0.991544545    
  0.991589069    
  0.991636693    
  0.991687119    
  0.991740286    
  0.991796196    
  0.991854489    
  0.991915524    
  0.991978705    
  0.992044508    
  0.992112398    
  0.992182314    
  0.992254317    
  0.992328525    
  0.992404521    
  0.992482185    
  0.992561519    
  0.992642283    
  0.992724836    
  0.992808461    
  0.992893755    
  0.992979586    
  0.993067026    
  0.993154824    
  0.993243575    
  0.993333399    
  0.993423462    
  0.993514240    
  0.993605494    
  0.993696511    
  0.993787766    
  0.993879557    
  0.993970931    
  0.994062304    
  0.994153380    
  0.994243920    
  0.994334280    
  0.994423687    
  0.994512737    
  0.994600594    
  0.994687855    
  0.994773924    
  0.994859040    
  0.994943023    
  0.995025635    
  0.995106637    
  0.995186627    
  0.995264530    
  0.995341241    
  0.995416045    
  0.995489001    
  0.995559990    
  0.995629191    
  0.995696187    
  0.995761156    
  0.995823801    
  0.995884120    
  0.995942056    
  0.995997846    
  0.996051192    
  0.996101618    
  0.996149778    
  0.996195018    
  0.996237457    
  0.996277452    
  0.996314704    
  0.996348619    
  0.996380150    
  0.996408582    
  0.996434033    
  0.996456563    
  0.996475577    
  0.996492147    
  0.996504962    
  0.996515334    
  0.996522248    
  0.996526182    
  0.996527016    
  0.996524274    
  0.996518552    
  0.996509612    
  0.996497750    
  0.996482134    
  0.996464074    
  0.996442258    
  0.996417761    
  0.996389925    
  0.996359110    
  0.996324956    
  0.996287584    
  0.996247590    
  0.996204436    
  0.996158242    
  0.996109247    
  0.996057332    
  0.996002734    
  0.995945156    
  0.995885074    
  0.995821893    
  0.995756626    
  0.995688200    
  0.995617568    
  0.995544493    
  0.995469213    
  0.995391667    
  0.995311618    
  0.995229959    
  0.995145738    
  0.995059788    
  0.994971752    
  0.994881988    
  0.994790673    
  0.994697690    
  0.994603157    
  0.994507492    
  0.994409978    
  0.994311571    
  0.994212329    
  0.994111657    
  0.994010031    
  0.993907809    
  0.993805230    
  0.993701637    
  0.993597627    
  0.993493557    
  0.993389249    
  0.993284822    
  0.993180275    
  0.993075728    
  0.992971539    
  0.992867589    
  0.992764235    
  0.992661536    
  0.992559254    
  0.992458284    
  0.992357731    
  0.992258310    
  0.992160141    
  0.992062986    
  0.991967320    
  0.991873384    
  0.991780818    
  0.991689742    
  0.991600931    
  0.991513431    
  0.991428256    
  0.991345167    
  0.991264105    
  0.991185486    
  0.991109192    
  0.991035044    
  0.990963578    
  0.990894973    
  0.990828991    
  0.990765631    
  0.990705013    
  0.990647256    
  0.990592539    
  0.990540802    
  0.990491927    
  0.990446508    
  0.990403891    
  0.990364730    
  0.990328670    
  0.990295947    
  0.990266263    
  0.990240395    
  0.990217268    
  0.990197957    
  0.990181804    
  0.990169108    
  0.990159750    
  0.990153730    
  0.990151227    
  0.990151823    
  0.990155697    
  0.990163207    
  0.990173876    
  0.990187764    
  0.990204692    
  0.990225375    
  0.990248859    
  0.990275919    
  0.990305543    
  0.990338624    
  0.990374327    
  0.990413368    
  0.990454793    
  0.990499258    
  0.990546644    
  0.990596354    
  0.990648687    
  0.990703583    
  0.990761161    
  0.990821183    
  0.990883231    
  0.990947664    
  0.991014123    
  0.991082609    
  0.991153002    
  0.991225600    
  0.991299570    
  0.991375387    
  0.991453052    
  0.991531610    
  0.991611958    
  0.991693437    
  0.991776288    
  0.991859972    
  0.991944611    
  0.992030323    
  0.992117047    
  0.992204189    
  0.992291927    
  0.992380261    
  0.992468894    
  0.992557466    
  0.992646694    
  0.992735863    
  0.992825091    
  0.992913663    
  0.993002415    
  0.993090928    
  0.993178725    
  0.993266046    
  0.993353009    
  0.993438900    
  0.993524194    
  0.993608117    
  0.993691385    
  0.993773639    
  0.993854463    
  0.993933976    
  0.994011939    
  0.994088471    
  0.994163811    
  0.994237065    
  0.994308949    
  0.994378746    
  0.994446397    
  0.994512260    
  0.994576097    
  0.994637787    
  0.994697094    
  0.994754195    
  0.994809091    
  0.994861424    
  0.994911134    
  0.994958580    
  0.995002925    
  0.995045006    
  0.995083928    
  0.995120525    
  0.995154083    
  0.995184481    
  0.995212197    
  0.995236933    
  0.995258629    
  0.995277405    
  0.995292842    
  0.995305479    
  0.995314479    
  0.995320559    
  0.995323658    
  0.995323062    
  0.995319605    
  0.995312929    
  0.995303094    
  0.995289743    
  0.995273471    
  0.995253742    
  0.995230913    
  0.995204866    
  0.995175719    
  0.995143354    
  0.995107710    
  0.995069027    
  0.995027184    
  0.994982481    
  0.994934440    
  0.994883418    
  0.994829893    
  0.994773090    
  0.994713545    
  0.994651079    
  0.994586170    
  0.994518518    
  0.994448185    
  0.994375288    
  0.994300067    
  0.994222045    
  0.994142175    
  0.994059920    
  0.993975341    
  0.993889272    
  0.993800879    
  0.993710399    
  0.993618071    
  0.993524313    
  0.993428946    
  0.993331850    
  0.993233979    
  0.993134141    
  0.993033409    
  0.992931604    
  0.992828727    
  0.992725194    
  0.992620885    
  0.992515922    
  0.992410362    
  0.992304623    
  0.992198467    
  0.992092192    
  0.991985917    
  0.991879702    
  0.991773784    
  0.991668224    
  0.991563082    
  0.991458237    
  0.991354167    
  0.991250992    
  0.991148949    
  0.991047740    
  0.990947306    
  0.990848482    
  0.990751266    
  0.990655303    
  0.990560949    
  0.990467846    
  0.990376830    
  0.990288138    
  0.990200698    
  0.990115881    
  0.990033090    
  0.989952207    
  0.989873886    
  0.989798248    
  0.989725173    
  0.989654243    
  0.989586174    
  0.989521325    
  0.989458501    
  0.989398837    
  0.989342272    
  0.989288449    
  0.989237428    
  0.989190280    
  0.989145577    
  0.989103973    
  0.989065766    
  0.989030778    
  0.988999009    
  0.988970459    
  0.988945544    
  0.988923728    
  0.988904893    
  0.988889754    
  0.988877654    
  0.988869131    
  0.988863647    
  0.988861859    
  0.988863170    
  0.988867462    
  0.988875389    
  0.988886535    
  0.988900781    
  0.988918185    
  0.988938451    
  0.988962054    
  0.988988578    
  0.989018619    
  0.989051223    
  0.989086509    
  0.989124835    
  0.989165962    
  0.989209831    
  0.989256322    
  0.989305496    
  0.989357352    
  0.989411414    
  0.989468098    
  0.989526987    
  0.989588082    
  0.989651442    
  0.989716768    
  0.989784360    
  0.989853501    
  0.989924431    
  0.989997506    
  0.990072191    
  0.990148127    
  0.990225852    
  0.990304947    
  0.990385056    
  0.990466774    
  0.990549564    
  0.990632892    
  0.990717471    
  0.990802765    
  0.990888953    
  0.990975201    
  0.991062582    
  0.991150260    
  0.991238177    
  0.991325915    
  0.991414249    
  0.991502404    
  0.991590500    
  0.991678596    
  0.991765857    
  0.991853237    
  0.991939902    
  0.992025971    
  0.992111325    
  0.992195964    
  0.992279589    
  0.992362261    
  0.992443800    
  0.992524207    
  0.992603183    
  0.992680907    
  0.992757022    
  0.992831826    
  0.992904305    
  0.992975831    
  0.993044972    
  0.993112445    
  0.993177533    
  0.993240833    
  0.993302166    
  0.993360817    
  0.993417263    
  0.993471086    
  0.993522584    
  0.993571877    
  0.993618071    
  0.993661821    
  0.993702710    
  0.993740618    
  0.993775904    
  0.993808210    
  0.993837357    
  0.993863702    
  0.993887007    
  0.993907213    
  0.993924320    
  0.993937790    
  0.993948460    
  0.993955970    
  0.993960083    
  0.993960917    
  0.993958592    
  0.993952632    
  0.993943691    
  0.993931353    
  0.993915439    
  0.993896306    
  0.993873835    
  0.993848503    
  0.993819535    
  0.993787289    
  0.993751764    
  0.993713379    
  0.993671358    
  0.993626416    
  0.993578196    
  0.993526697    
  0.993472755    
  0.993415475    
  0.993355155    
  0.993292272    
  0.993226469    
  0.993158162    
  0.993086874    
  0.993013203    
  0.992936850    
  0.992858231    
  0.992777228    
  0.992693603    
  0.992608190    
  0.992520332    
  0.992430747    
  0.992338955    
  0.992245615    
  0.992150366    
  0.992053866    
  0.991955459    
  0.991855800    
  0.991755128    
  0.991652906    
  0.991549551    
  0.991445780    
  0.991340876    
  0.991234899    
  0.991128564    
  0.991022110    
  0.990914583    
  0.990807056    
  0.990699768    
  0.990592301    
  0.990484953    
  0.990377903    
  0.990270793    
  0.990164757    
  0.990059078    
  0.989953935    
  0.989849567    
  0.989746392    
  0.989644170    
  0.989543259    
  0.989443421    
  0.989344895    
  0.989248037    
  0.989153147    
  0.989059269    
  0.988967597    
  0.988877535    
  0.988789558    
  0.988703728    
  0.988619924    
  0.988538504    
  0.988459468    
  0.988382518    
  0.988308012    
  0.988236547    
  0.988167584    
  0.988101065    
  0.988037467    
  0.987976551    
  0.987918377    
  0.987863541    
  0.987811387    
  0.987762332    
  0.987716138    
  0.987673223    
  0.987633049    
  0.987596333    
  0.987562835    
  0.987532377    
  0.987505138    
  0.987481058    
  0.987460613    
  0.987443089    
  0.987428486    
  0.987417698    
  0.987409651    
  0.987405181    
  0.987404108    
  0.987405539    
  0.987410605    
  0.987418652    
  0.987429678    
  0.987443864    
  0.987461329    
  0.987481534    
  0.987505019    
  0.987531304    
  0.987560689    
  0.987593055    
  0.987628102    
  0.987665653    
  0.987706542    
  0.987749755    
  0.987795532    
  0.987843513    
  0.987894416    
  0.987947881    
  0.988003433    
  0.988061368    
  0.988121331    
  0.988183796    
  0.988248169    
  0.988314748    
  0.988382638    
  0.988452911    
  0.988524795    
  0.988597989    
  0.988673031    
  0.988749623    
  0.988827407    
  0.988906801    
  0.988986969    
  0.989068747    
  0.989151120    
  0.989234626    
  0.989318907    
  0.989404023    
  0.989489675    
  0.989575744    
  0.989662468    
  0.989749491    
  0.989836752    
  0.989924073    
  0.990011275    
  0.990098536    
  0.990185618    
  0.990272224    
  0.990358710    
  0.990444601    
  0.990530014    
  0.990614474    
  0.990698397    
  0.990781069    
  0.990862608    
  0.990943432    
  0.991022706    
  0.991100907    
  0.991177559    
  0.991252780    
  0.991326272    
  0.991398215    
  0.991468251    
  0.991536260    
  0.991602242    
  0.991666377    
  0.991728306    
  0.991787791    
  0.991845250    
  0.991900086    
  0.991952479    
  0.992002547    
  0.992049575    
  0.992094219    
  0.992135882    
  0.992174983    
  0.992211044    
  0.992243946    
  0.992274344    
  0.992301345    
  0.992325187    
  0.992346108    
  0.992363691    
  0.992378056    
  0.992389441    
  0.992397130    
  0.992401898    
  0.992403209    
  0.992401183    
  0.992395937    
  0.992386937    
  0.992375076    
  0.992359638    
  0.992340744    
  0.992318511    
  0.992293000    
  0.992264032    
  0.992231965    
  0.992196321    
  0.992157757    
  0.992115855    
  0.992070854    
  0.992022634    
  0.991971076    
  0.991916835    
  0.991859376    
  0.991798937    
  0.991735935    
  0.991669536    
  0.991600811    
  0.991529465    
  0.991455197    
  0.991378605    
  0.991299570    
  0.991218269    
  0.991134346    
  0.991048813    
  0.990960836    
  0.990870655    
  0.990778685    
  0.990684986    
  0.990589321    
  0.990492404    
  0.990393937    
  0.990294278    
  0.990192831    
  0.990090609    
  0.989987195    
  0.989883006    
  0.989777625    
  0.989671946    
  0.989565551    
  0.989458859    
  0.989351153    
  0.989243746    
  0.989136100    
  0.989028573    
  0.988921285    
  0.988813996    
  0.988706946    
  0.988600492    
  0.988494754    
  0.988389790    
  0.988285482    
  0.988182008    
  0.988079548    
  0.987978220    
  0.987878084    
  0.987779498    
  0.987681985    
  0.987586260    
  0.987492204    
  0.987399578    
  0.987309217    
  0.987220347    
  0.987133563    
  0.987048745    
  0.986966193    
  0.986886024    
  0.986808002    
  0.986732423    
  0.986659169    
  0.986588240    
  0.986520350    
  0.986454904    
  0.986392021    
  0.986332238    
  0.986274838    
  0.986220479    
  0.986168861    
  0.986120224    
  0.986074626    
  0.986032128    
  0.985992610    
  0.985955894    
  0.985922635    
  0.985892117    
  0.985864520    
  0.985840738    
  0.985819399    
  0.985801458    
  0.985786855    
  0.985775292    
  0.985766768    
  0.985761642    
  0.985759556    
  0.985760629    
  0.985764503    
  0.985771596    
  0.985781789    
  0.985795259    
  0.985811710    
  0.985831261    
  0.985853255    
  0.985878468    
  0.985906541    
  0.985937655    
  0.985971749    
  0.986008227    
  0.986047745    
  0.986089766    
  0.986134410    
  0.986181617    
  0.986231625    
  0.986283958    
  0.986338258    
  0.986395359    
  0.986454427    
  0.986515760    
  0.986579359    
  0.986644924    
  0.986712337    
  0.986781597    
  0.986852765    
  0.986925721    
  0.987000167    
  0.987076104    
  0.987153471    
  0.987232208    
  0.987312317    
  0.987393558    
  0.987475991    
  0.987559140    
  0.987643361    
  0.987728357    
  0.987814009    
  0.987899780    
  0.987986386    
  0.988073349    
  0.988160431    
  0.988247931    
  0.988335133    
  0.988422036    
  0.988509238    
  0.988596022    
  0.988682270    
  0.988768101    
  0.988852978    
  0.988937378    
  0.989021182    
  0.989103615    
  0.989185154    
  0.989265323    
  0.989344418    
  0.989421844    
  0.989497840    
  0.989572406    
  0.989645362    
  0.989716530    
  0.989785671    
  0.989852905    
  0.989917934    
  0.989981115    
  0.990041852    
  0.990100205    
  0.990156054    
  0.990209699    
  0.990260482    
  0.990308762    
  0.990354300    
  0.990396678    
  0.990436614    
  0.990473628    
  0.990507722    
  0.990538418    
  0.990566075    
  0.990590751    
  0.990612090    
  0.990630627    
  0.990645587    
  0.990657210    
  0.990665495    
  0.990670502    
  0.990672052    
  0.990670264    
  0.990665019    
  0.990656376    
  0.990644515    
  0.990629196    
  0.990610480    
  0.990588129    
  0.990562618    
  0.990533710    
  0.990501285    
  0.990465462    
  0.990426660    
  0.990384459    
  0.990339100    
  0.990290701    
  0.990239024    
  0.990184665    
  0.990126908    
  0.990065932    
  0.990002453    
  0.989936173    
  0.989867032    
  0.989795268    
  0.989720643    
  0.989643455    
  0.989564240    
  0.989482403    
  0.989398360    
  0.989312053    
  0.989223838    
  0.989133596    
  0.989041328    
  0.988947213    
  0.988851666    
  0.988754451    
  0.988655746    
  0.988555491    
  0.988454461    
  0.988351703    
  0.988248050    
  0.988143623    
  0.988038421    
  0.987932265    
  0.987825811    
  0.987718999    
  0.987611532    
  0.987503707    
  0.987395942    
  0.987288117    
  0.987180471    
  0.987072766    
  0.986965477    
  0.986859024    
  0.986752808    
  0.986647308    
  0.986542165    
  0.986438334    
  0.986335099    
  0.986232877    
  0.986132026    
  0.986032486    
  0.985934496    
  0.985837519    
  0.985742390    
  0.985648870    
  0.985556781    
  0.985466719    
  0.985378325    
  0.985292315    
  0.985208213    
  0.985126078    
  0.985046089    
  0.984968722    
  0.984893262    
  0.984820485    
  0.984750330    
  0.984682083    
  0.984616995    
  0.984554410    
  0.984494328    
  0.984437466    
  0.984383166    
  0.984331608    
  0.984282613    
  0.984236836    
  0.984194160    
  0.984154463    
  0.984117568    
  0.984083831    
  0.984053195    
  0.984025776    
  0.984001040    
  0.983979762    
  0.983961344    
  0.983946443    
  0.983934462    
  0.983925760    
  0.983919919    
  0.983917236    
  0.983918190    
  0.983922064    
  0.983928800    
  0.983938873    
  0.983951747    
  0.983967960    
  0.983987212    
  0.984009683    
  0.984034538    
  0.984062910    
  0.984093785    
  0.984127700    
  0.984164357    
  0.984203994    
  0.984246075    
  0.984291136    
  0.984338343    
  0.984388828    
  0.984441340    
  0.984496355    
  0.984553635    
  0.984613597    
  0.984675229    
  0.984739304    
  0.984805584    
  0.984873712    
  0.984943628    
  0.985015690    
  0.985089064    
  0.985164404    
  0.985240936    
  0.985319078    
  0.985398948    
  0.985479176    
  0.985561311    
  0.985644400    
  0.985728264    
  0.985812902    
  0.985898376    
  0.985984445    
  0.986071050    
  0.986157954    
  0.986245334    
  0.986332715    
  0.986420214    
  0.986507714    
  0.986594975    
  0.986682117    
  0.986768425    
  0.986854553    
  0.986940026    
  0.987024486    
  0.987108350    
  0.987191260    
  0.987273335    
  0.987353504    
  0.987433016    
  0.987510920    
  0.987587333    
  0.987662077    
  0.987735212    
  0.987806380    
  0.987875819    
  0.987942994    
  0.988007963    
  0.988070965    
  0.988131642    
  0.988190293    
  0.988245785    
  0.988299012    
  0.988349855    
  0.988397598    
  0.988442838    
  0.988485396    
  0.988524556    
  0.988560915    
  0.988594472    
  0.988624811    
  0.988651931    
  0.988676012    
  0.988696635    
  0.988714039    
  0.988728404    
  0.988739312    
  0.988746881    
  0.988751531    
  0.988752127    
  0.988749504    
  0.988743663    
  0.988734066    
  0.988721311    
  0.988705158    
  0.988685727    
  0.988662481    
  0.988636553    
  0.988606691    
  0.988573730    
  0.988537669    
  0.988498092    
  0.988455296    
  0.988409221    
  0.988360286    
  0.988308370    
  0.988252878    
  0.988194704    
  0.988133907    
  0.988069952    
  0.988003194    
  0.987934113    
  0.987861991    
  0.987787545    
  0.987710416    
  0.987631083    
  0.987549663    
  0.987465799    
  0.987379789    
  0.987291574    
  0.987201393    
  0.987109840    
  0.987016439    
  0.986920834    
  0.986824334    
  0.986726284    
  0.986626446    
  0.986525714    
  0.986423969    
  0.986320853    
  0.986217260    
  0.986112416    
  0.986006916    
  0.985901117    
  0.985794902    
  0.985688150    
  0.985581040    
  0.985473633    
  0.985366285    
  0.985259056    
  0.985152125    
  0.985045135    
  0.984938562    
  0.984832287    
  0.984726548    
  0.984622121    
  0.984517872    
  0.984414637    
  0.984312177    
  0.984211087    
  0.984111249    
  0.984012663    
  0.983914852    
  0.983819067    
  0.983724236    
  0.983631670    
  0.983540297    
  0.983450651    
  0.983363211    
  0.983277380    
  0.983193934    
  0.983112097    
  0.983032703    
  0.982955515    
  0.982880354    
  0.982807994    
  0.982737839    
  0.982670248    
  0.982605100    
  0.982542634    
  0.982483029    
  0.982425630    
  0.982371151    
  0.982319653    
  0.982271075    
  0.982225358    
  0.982182264    
  0.982142568    
  0.982105434    
  0.982071519    
  0.982040703    
  0.982013166    
  0.981988609    
  0.981966734    
  0.981948793    
  0.981933475    
  0.981921494    
  0.981912673    
  0.981907010    
  0.981904268    
  0.981905222    
  0.981908858    
  0.981915951    
  0.981926262    
  0.981939375    
  0.981955767    
  0.981975019    
  0.981997609    
  0.982023120    
  0.982051551    
  0.982083142    
  0.982117355    
  0.982154489    
  0.982194185    
  0.982237041    
  0.982282400    
  0.982330620    
  0.982381105    
  0.982434273    
  0.982489765    
  0.982547939    
  0.982608080    
  0.982670367    
  0.982734859    
  0.982801497    
  0.982870519    
  0.982940733    
  0.983013213    
  0.983087182    
  0.983162463    
  0.983239770    
  0.983317912    
  0.983397722    
  0.983478785    
  0.983560860    
  0.983643711    
  0.983727813    
  0.983812213    
  0.983897448    
  0.983983338    
  0.984069526    
  0.984156072    
  0.984242558    
  0.984329224    
  0.984416068    
  0.984502733    
  0.984588861    
  0.984674513    
  0.984760165    
  0.984844863    
  0.984928846    
  0.985011876    
  0.985094011    
  0.985175073    
  0.985254943    
  0.985333502    
  0.985410750    
  0.985486269    
  0.985560358    
  0.985632420    
  0.985702872    
  0.985771477    
  0.985837758    
  0.985902190    
  0.985964417    
  0.986023962    
  0.986081362    
  0.986136436    
  0.986188889    
  0.986238718    
  0.986285686    
  0.986330092    
  0.986371398    
  0.986410141    
  0.986445665    
  0.986478329    
  0.986508071    
  0.986534119    
  0.986557662    
  0.986577570    
  0.986594617    
  0.986608326    
  0.986618638    
  0.986625731    
  0.986629546    
  0.986629903    
  0.986627042    
  0.986620903    
  0.986611187    
  0.986598134    
  0.986581683    
  0.986562192    
  0.986539423    
  0.986513019    
  0.986483455    
  0.986450493    
  0.986414492    
  0.986375570    
  0.986333191    
  0.986288071    
  0.986239552    
  0.986187935    
  0.986133337    
  0.986076176    
  0.986016154    
  0.985953033    
  0.985887706    
  0.985819280    
  0.985748410    
  0.985675156    
  0.985599637    
  0.985521078    
  0.985440850    
  0.985358238    
  0.985273719    
  0.985187113    
  0.985098720    
  0.985008121    
  0.984916091    
  0.984822154    
  0.984727025    
  0.984630287    
  0.984531820    
  0.984432459    
  0.984331846    
  0.984230340    
  0.984127462    
  0.984024107    
  0.983919561    
  0.983814478    
  0.983708978    
  0.983602941    
  0.983496070    
  0.983389556    
  0.983282566    
  0.983175695    
  0.983068764    
  0.982962012    
  0.982855439    
  0.982748806    
  0.982643068    
  0.982537866    
  0.982433200    
  0.982329309    
  0.982225955    
  0.982123613    
  0.982022405    
  0.981922328    
  0.981823266    
  0.981725693    
  0.981629550    
  0.981534481    
  0.981441259    
  0.981349528    
  0.981259644    
  0.981171548    
  0.981085360    
  0.981000960    
  0.980919003    
  0.980838954    
  0.980761051    
  0.980685353    
  0.980611920    
  0.980541348    
  0.980472744    
  0.980407000    
  0.980343759    
  0.980283082    
  0.980225027    
  0.980170250    
  0.980117857    
  0.980068505    
  0.980022013    
  0.979978681    
  0.979938328    
  0.979900956    
  0.979866803    
  0.979835331    
  0.979807496    
  0.979782462    
  0.979760647    
  0.979742348    
  0.979727149    
  0.979714870    
  0.979706347    
  0.979700565    
  0.979698300    
  0.979699373    
  0.979703546    
  0.979710698    
  0.979721546    
  0.979734898    
  0.979751766    
  0.979772210    
  0.979795218    
  0.979821026    
  0.979850411    
  0.979882419    
  0.979917705    
  0.979955554    
  0.979996502    
  0.980040312    
  0.980086327    
  0.980135441    
  0.980186999    
  0.980241418    
  0.980297565    
  0.980356514    
  0.980417728    
  0.980481029    
  0.980546415    
  0.980613708    
  0.980683208    
  0.980754435    
  0.980827272    
  0.980902016    
  0.980978251    
  0.981055617    
  0.981134474    
  0.981214523    
  0.981295884    
  0.981377959    
  0.981461227    
  0.981544971    
  0.981629550    
  0.981714427    
  0.981799960    
  0.981885731    
  0.981971860    
  0.982057810    
  0.982143462    
  0.982229590    
  0.982315063    
  0.982400119    
  0.982484460    
  0.982568264    
  0.982651412    
  0.982733905    
  0.982815087    
  0.982895613    
  0.982974529    
  0.983052194    
  0.983128667    
  0.983203232    
  0.983276546    
  0.983347833    
  0.983417332    
  0.983484983    
  0.983550549    
  0.983614028    
  0.983675182    
  0.983734190    
  0.983790696    
  0.983844757    
  0.983896554    
  0.983945251    
  0.983991742    
  0.984035254    
  0.984075904    
  0.984113872    
  0.984148741    
  0.984180927    
  0.984209657    
  0.984235585    
  0.984258294    
  0.984278142    
  0.984294474    
  0.984307945    
  0.984317899    
  0.984324515    
  0.984328389    
  0.984328747    
  0.984325469    
  0.984319389    
  0.984309852    
  0.984297037    
  0.984281123    
  0.984261811    
  0.984239221    
  0.984213471    
  0.984184563    
  0.984152079    
  0.984116971    
  0.984078407    
  0.984036982    
  0.983992279    
  0.983944893    
  0.983894646    
  0.983841062    
  0.983784676    
  0.983725905    
  0.983663976    
  0.983599722    
  0.983532608    
  0.983462989    
  0.983391106    
  0.983316481    
  0.983239651    
  0.983160377    
  0.983079374    
  0.982995927    
  0.982910514    
  0.982823133    
  0.982733667    
  0.982642472    
  0.982549667    
  0.982455313    
  0.982359588    
  0.982262194    
  0.982163310    
  0.982063293    
  0.981962144    
  0.981859982    
  0.981756866    
  0.981652796    
  0.981547892    
  0.981442332    
  0.981336296    
  0.981229424    
  0.981122434    
  0.981015086    
  0.980907559    
  0.980799973    
  0.980692208    
  0.980585039    
  0.980477571    
  0.980370402    
  0.980263948    
  0.980157733    
  0.980051994    
  0.979947567    
  0.979843140    
  0.979740322    
  0.979638040    
  0.979536951    
  0.979437232    
  0.979338825    
  0.979241371    
  0.979145586    
  0.979051709    
  0.978959382    
  0.978868306    
  0.978779495    
  0.978692710    
  0.978607535    
  0.978524745    
  0.978444219    
  0.978365839    
  0.978289783    
  0.978215933    
  0.978144765    
  0.978075981    
  0.978010237    
  0.977946937    
  0.977886200    
  0.977828324    
  0.977773488    
  0.977721632    
  0.977672279    
  0.977626145    
  0.977583170    
  0.977543294    
  0.977506518    
  0.977473080    
  0.977442682    
  0.977415681    
  0.977391720    
  0.977371216    
  0.977353692    
  0.977339745    
  0.977328837    
  0.977321625    
  0.977317154    
  0.977316439    
  0.977318943    
  0.977324665    
  0.977333784    
  0.977346003    
  0.977361321    
  0.977379858    
  0.977401674    
  0.977426410    
  0.977454305    
  0.977485657    
  0.977519274    
  0.977556288    
  0.977595627    
  0.977637947    
  0.977683485    
  0.977731407    
  0.977781415    
  0.977834582    
  0.977890074    
  0.977947831    
  0.978007853    
  0.978070259    
  0.978134274    
  0.978200972    
  0.978269219    
  0.978339374    
  0.978410840    
  0.978484690    
  0.978559434    
  0.978635490    
  0.978713572    
  0.978792489    
  0.978872299    
  0.978953242    
  0.979034960    
  0.979117036    
  0.979200244    
  0.979283750    
  0.979367614    
  0.979451716    
  0.979536116    
  0.979620576    
  0.979704797    
  0.979789078    
  0.979872704    
  0.979956031    
  0.980038762    
  0.980120778    
  0.980202079    
  0.980282605    
  0.980361938    
  0.980440199    
  0.980517626    
  0.980592906    
  0.980667293    
  0.980740488    
  0.980811656    
  0.980880976    
  0.980948746    
  0.981014371    
  0.981077909    
  0.981139779    
  0.981199324    
  0.981256485    
  0.981311381    
  0.981363773    
  0.981413782    
  0.981461227    
  0.981506228    
  0.981548250    
  0.981587708    
  0.981624305    
  0.981657863    
  0.981688797    
  0.981716931    
  0.981741965    
  0.981764078    
  0.981783092    
  0.981799006    
  0.981812239    
  0.981821716    
  0.981828332    
  0.981831729    
  0.981831968    
  0.981829166    
  0.981823146    
  0.981814027    
  0.981801867    
  0.981786132    
  0.981767476    
  0.981745899    
  0.981720805    
  0.981692851    
  0.981661439    
  0.981627405    
  0.981590211    
  0.981550157    
  0.981506944    
  0.981460869    
  0.981411994    
  0.981360137    
  0.981305718    
  0.981248081    
  0.981188178    
  0.981125295    
  0.981060326    
  0.980992079    
  0.980921686    
  0.980848968    
  0.980773866    
  0.980696321    
  0.980616629    
  0.980534732    
  0.980450928    
  0.980365217    
  0.980277419    
  0.980187476    
  0.980095983    
  0.980002642    
  0.979907990    
  0.979811728    
  0.979713917    
  0.979614794    
  0.979514480    
  0.979412913    
  0.979310036    
  0.979206383    
  0.979102075    
  0.978996515    
  0.978890240    
  0.978783607    
  0.978676558    
  0.978568494    
  0.978460968    
  0.978352487    
  0.978244245    
  0.978135884    
  0.978027880    
  0.977919817    
  0.977812052    
  0.977704585    
  0.977598011    
  0.977491796    
  0.977386177    
  0.977281451    
  0.977177858    
  0.977075219    
  0.976973534    
  0.976873159    
  0.976773918    
  0.976676047    
  0.976580143    
  0.976486027    
  0.976392746    
  0.976302028    
  0.976212502    
  0.976125717    
  0.976040304    
  0.975957394    
  0.975876749    
  0.975798428    
  0.975722492    
  0.975649118    
  0.975578010    
  0.975509584    
  0.975444257    
  0.975381494    
  0.975321233    
  0.975264251    
  0.975209832    
  0.975158989    
  0.975110471    
  0.975065410    
  0.975023270    
  0.974984646    
  0.974948764    
  0.974916518    
  0.974887311    
  0.974861145    
  0.974838674    
  0.974819243    
  0.974803030    
  0.974790454    
  0.974781036    
  0.974774897    
  0.974772334    
  0.974772692    
  0.974776685    
  0.974783480    
  0.974793971    
  0.974807382    
  0.974824071    
  0.974843860    
  0.974866450    
  0.974892497    
  0.974921644    
  0.974953353    
  0.974988282    
  0.975025952    
  0.975066483    
  0.975109637    
  0.975155711    
  0.975203812    
  0.975254834    
  0.975308120    
  0.975363731    
  0.975421727    
  0.975481689    
  0.975543976    
  0.975607991    
  0.975674212    
  0.975741804    
  0.975811243    
  0.975882292    
  0.975954831    
  0.976028740    
  0.976103902    
  0.976180255    
  0.976257503    
  0.976336062    
  0.976415217    
  0.976495087    
  0.976575434    
  0.976656616    
  0.976737738    
  0.976819396    
  0.976901174    
  0.976983070    
  0.977064729    
  0.977146387    
  0.977227688    
  0.977308214    
  0.977388799    
  0.977468610    
  0.977547348    
  0.977625370    
  0.977702558    
  0.977778435    
  0.977853298    
  0.977927089    
  0.977999389    
  0.978070259    
  0.978139699    
  0.978207111    
  0.978273153    
  0.978337288    
  0.978399396    
  0.978459775    
  0.978518069    
  0.978574157    
  0.978627861    
  0.978679240    
  0.978728533    
  0.978775382    
  0.978819609    
  0.978861451    
  0.978900492    
  0.978937209    
  0.978970945    
  0.979001820    
  0.979030132    
  0.979055703    
  0.979078233    
  0.979097962    
  0.979114711    
  0.979128480    
  0.979139447    
  0.979147017    
  0.979151726    
  0.979153633    
  0.979152083    
  0.979147613    
  0.979140401    
  0.979129553    
  0.979116380    
  0.979099512    
  0.979079902    
  0.979056895    
  0.979031444    
  0.979002297    
  0.978970349    
  0.978935540    
  0.978897452    
  0.978856862    
  0.978812873    
  0.978766382    
  0.978716850    
  0.978664398    
  0.978609443    
  0.978551328    
  0.978490591    
  0.978427112    
  0.978361547    
  0.978292942    
  0.978221834    
  0.978148758    
  0.978072703    
  0.977994680    
  0.977913916    
  0.977831483    
  0.977746665    
  0.977659881    
  0.977571130    
  0.977480471    
  0.977387965    
  0.977293789    
  0.977197528    
  0.977100194    
  0.977001190    
  0.976900697    
  0.976799011    
  0.976696074    
  0.976592004    
  0.976486742    
  0.976380587    
  0.976273775    
  0.976165950    
  0.976057649    
  0.975948930    
  0.975839496    
  0.975729883    
  0.975619912    
  0.975509942    
  0.975400209    
  0.975290358    
  0.975180626    
  0.975071192    
  0.974962056    
  0.974853873    
  0.974746048    
  0.974639177    
  0.974533260    
  0.974428058    
  0.974324167    
  0.974221230    
  0.974119663    
  0.974019527    
  0.973920941    
  0.973824143    
  0.973728657    
  0.973635137    
  0.973543465    
  0.973453999    
  0.973366380    
  0.973280847    
  0.973197818    
  0.973117173    
  0.973038733    
  0.972962976    
  0.972889602    
  0.972818851    
  0.972750902    
  0.972685993    
  0.972623527    
  0.972564280    
  0.972507536    
  0.972454131    
  0.972403824    
  0.972356677    
  0.972312748    
  0.972272038    
  0.972234190    
  0.972199738    
  0.972168863    
  0.972140968    
  0.972116530    
  0.972095251    
  0.972077429    
  0.972062826    
  0.972051203    
  0.972043693    
  0.972038984    
  0.972037554    
  0.972039700    
  0.972045064    
  0.972053528    
  0.972065091    
  0.972079873    
  0.972097993    
  0.972119272    
  0.972143233    
  0.972170353    
  0.972200572    
  0.972233355    
  0.972269475    
  0.972307801    
  0.972348809    
  0.972392797    
  0.972439468    
  0.972487986    
  0.972539485    
  0.972592831    
  0.972648799    
  0.972706676    
  0.972766995    
  0.972828567    
  0.972892702    
  0.972958267    
  0.973025560    
  0.973094583    
  0.973164797    
  0.973236263    
  0.973309100    
  0.973383188    
  0.973457754    
  0.973534048    
  0.973610997    
  0.973688662    
  0.973766625    
  0.973845184    
  0.973924279    
  0.974003792    
  0.974083185    
  0.974162877    
  0.974242151    
  0.974321485    
  0.974400759    
  0.974479139    
  0.974557638    
  0.974635303    
  0.974712431    
  0.974788547    
  0.974863768    
  0.974938273    
  0.975011706    
  0.975083768    
  0.975154519    
  0.975224078    
  0.975292027    
  0.975358307    
  0.975423276    
  0.975486517    
  0.975547612    
  0.975607336    
  0.975665033    
  0.975720227    
  0.975773573    
  0.975824773    
  0.975873768    
  0.975920558    
  0.975964963    
  0.976006866    
  0.976046205    
  0.976083159    
  0.976117551    
  0.976149142    
  0.976178229    
  0.976204515    
  0.976228058    
  0.976248801    
  0.976266801    
  0.976281762    
  0.976293743    
  0.976302981    
  0.976309061    
  0.976312160    
  0.976312637    
  0.976309419    
  0.976303637    
  0.976294935    
  0.976283073    
  0.976268113    
  0.976249576    
  0.976228893    
  0.976204515    
  0.976177394    
  0.976146996    
  0.976113558    
  0.976077437    
  0.976038098    
  0.975995660    
  0.975950360    
  0.975902140    
  0.975850940    
  0.975796878    
  0.975740492    
