  0.999999166    
  0.999995828    
  0.999985695    
  0.999969006    
  0.999945760    
  0.999915719    
  0.999879479    
  0.999836206    
  0.999786496    
  0.999730706    
  0.999668002    
  0.999599159    
  0.999524295    
  0.999442756    
  0.999355078    
  0.999261618    
  0.999161780    
  0.999056339    
  0.998945057    
  0.998828173    
  0.998705328    
  0.998576999    
  0.998443604    
  0.998304605    
  0.998160720    
  0.998011410    
  0.997857153    
  0.997698307    
  0.997534513    
  0.997366130    
  0.997193038    
  0.997015655    
  0.996833920    
  0.996648252    
  0.996458352    
  0.996264637    
  0.996066868    
  0.995865822    
  0.995660841    
  0.995452225    
  0.995240748    
  0.995025635    
  0.994807661    
  0.994586766    
  0.994362950    
  0.994136155    
  0.993906856    
  0.993674755    
  0.993440807    
  0.993204117    
  0.992965460    
  0.992724955    
  0.992482066    
  0.992237687    
  0.991991639    
  0.991743982    
  0.991495073    
  0.991244733    
  0.990993381    
  0.990740836    
  0.990487635    
  0.990233541    
  0.989978969    
  0.989723742    
  0.989468217    
  0.989212811    
  0.988957286    
  0.988701820    
  0.988446772    
  0.988192320    
  0.987938404    
  0.987685323    
  0.987432778    
  0.987181664    
  0.986931860    
  0.986683190    
  0.986436307    
  0.986191452    
  0.985948324    
  0.985707343    
  0.985468626    
  0.985232353    
  0.984998763    
  0.984767854    
  0.984540105    
  0.984314919    
  0.984093666    
  0.983875453    
  0.983661115    
  0.983450294    
  0.983243465    
  0.983040392    
  0.982841730    
  0.982647657    
  0.982457638    
  0.982272267    
  0.982091725    
  0.981916070    
  0.981745422    
  0.981579542    
  0.981418848    
  0.981263518    
  0.981113315    
  0.980968952    
  0.980829835    
  0.980696440    
  0.980568707    
  0.980446458    
  0.980330169    
  0.980219781    
  0.980115473    
  0.980016828    
  0.979924202    
  0.979837656    
  0.979757071    
  0.979682386    
  0.979614079    
  0.979551792    
  0.979495883    
  0.979445577    
  0.979401708    
  0.979363978    
  0.979332209    
  0.979306638    
  0.979287386    
  0.979274094    
  0.979266763    
  0.979265332    
  0.979270399    
  0.979281366    
  0.979298234    
  0.979321122    
  0.979350150    
  0.979385078    
  0.979425669    
  0.979472399    
  0.979525030    
  0.979583263    
  0.979647458    
  0.979717314    
  0.979792953    
  0.979874372    
  0.979961336    
  0.980054200    
  0.980152190    
  0.980255902    
  0.980364978    
  0.980479836    
  0.980599880    
  0.980725348    
  0.980856061    
  0.980991960    
  0.981133282    
  0.981279492    
  0.981430769    
  0.981586635    
  0.981747985    
  0.981913984    
  0.982084751    
  0.982259989    
  0.982440054    
  0.982624233    
  0.982813358    
  0.983006358    
  0.983203471    
  0.983404577    
  0.983609915    
  0.983818948    
  0.984031796    
  0.984247744    
  0.984467626    
  0.984690487    
  0.984916568    
  0.985145569    
  0.985377371    
  0.985612214    
  0.985849261    
  0.986088455    
  0.986330092    
  0.986573756    
  0.986819148    
  0.987066388    
  0.987314880    
  0.987564862    
  0.987815857    
  0.988068163    
  0.988320887    
  0.988574326    
  0.988828182    
  0.989082158    
  0.989336252    
  0.989590228    
  0.989844263    
  0.990097344    
  0.990349770    
  0.990601540    
  0.990852296    
  0.991101861    
  0.991349876    
  0.991596401    
  0.991841555    
  0.992084622    
  0.992326021    
  0.992565334    
  0.992802024    
  0.993036389    
  0.993268311    
  0.993497491    
  0.993723869    
  0.993947387    
  0.994167745    
  0.994384706    
  0.994598806    
  0.994809091    
  0.995015979    
  0.995219350    
  0.995418787    
  0.995614469    
  0.995805979    
  0.995993555    
  0.996177256    
  0.996356726    
  0.996531427    
  0.996701837    
  0.996868193    
  0.997029364    
  0.997186363    
  0.997338533    
  0.997485697    
  0.997627735    
  0.997765005    
  0.997897685    
  0.998024583    
  0.998146534    
  0.998263299    
  0.998374641    
  0.998480439    
  0.998581052    
  0.998676002    
  0.998764992    
  0.998848796    
  0.998926818    
  0.998998761    
  0.999064803    
  0.999124944    
  0.999179423    
  0.999227464    
  0.999269605    
  0.999305487    
  0.999335527    
  0.999358892    
  0.999376416    
  0.999387264    
  0.999391913    
  0.999390244    
  0.999382138    
  0.999367476    
  0.999346733    
  0.999319315    
  0.999285340    
  0.999245286    
  0.999198735    
  0.999145448    
  0.999086261    
  0.999020457    
  0.998948157    
  0.998869836    
  0.998785138    
  0.998694241    
  0.998596907    
  0.998494029    
  0.998384893    
  0.998269379    
  0.998148322    
  0.998021722    
  0.997888982    
  0.997750819    
  0.997607350    
  0.997458279    
  0.997303903    
  0.997144222    
  0.996979833    
  0.996810257    
  0.996635795    
  0.996456921    
  0.996273279    
  0.996085286    
  0.995893180    
  0.995696902    
  0.995496333    
  0.995292246    
  0.995084405    
  0.994872987    
  0.994658351    
  0.994440198    
  0.994219244    
  0.993995190    
  0.993768513    
  0.993539095    
  0.993307292    
  0.993072867    
  0.992836356    
  0.992598116    
  0.992357612    
  0.992115736    
  0.991872191    
  0.991626799    
  0.991380394    
  0.991132796    
  0.990884304    
  0.990635037    
  0.990384579    
  0.990133882    
  0.989882469    
  0.989630759    
  0.989378929    
  0.989126980    
  0.988875031    
  0.988623500    
  0.988371968    
  0.988121092    
  0.987870634    
  0.987621129    
  0.987372339    
  0.987124443    
  0.986877859    
  0.986632526    
  0.986387968    
  0.986145556    
  0.985904753    
  0.985665441    
  0.985427916    
  0.985192716    
  0.984959841    
  0.984728932    
  0.984500527    
  0.984274805    
  0.984051645    
  0.983831465    
  0.983614504    
  0.983400285    
  0.983189523    
  0.982982099    
  0.982778370    
  0.982578158    
  0.982381880    
  0.982189894    
  0.982001483    
  0.981817663    
  0.981638014    
  0.981463253    
  0.981292725    
  0.981127024    
  0.980966449    
  0.980810702    
  0.980659842    
  0.980514526    
  0.980374336    
  0.980239868    
  0.980110884    
  0.979987204    
  0.979869545    
  0.979757547    
  0.979651749    
  0.979551792    
  0.979457855    
  0.979370236    
  0.979288340    
  0.979212940    
  0.979143858    
  0.979081094    
  0.979024351    
  0.978974342    
  0.978930712    
  0.978893340    
  0.978862524    
  0.978837848    
  0.978820086    
  0.978808522    
  0.978803456    
  0.978804648    
  0.978812397    
  0.978826225    
  0.978846490    
  0.978873253    
  0.978906035    
  0.978945076    
  0.978990376    
  0.979041696    
  0.979099274    
  0.979162455    
  0.979231954    
  0.979306996    
  0.979388058    
  0.979474723    
  0.979566991    
  0.979665160    
  0.979768395    
  0.979877591    
  0.979991794    
  0.980111599    
  0.980236232    
  0.980366170    
  0.980501175    
  0.980641305    
  0.980785966    
  0.980935514    
  0.981090069    
  0.981249034    
  0.981412590    
  0.981580138    
  0.981752813    
  0.981929660    
  0.982110262    
  0.982295334    
  0.982484102    
  0.982676744    
  0.982873261    
  0.983073592    
  0.983277738    
  0.983484983    
  0.983695745    
  0.983909786    
  0.984127104    
  0.984347701    
  0.984570861    
  0.984796584    
  0.985025644    
  0.985257030    
  0.985490739    
  0.985726893    
  0.985965133    
  0.986205459    
  0.986447930    
  0.986691833    
  0.986937642    
  0.987184703    
  0.987433136    
  0.987682700    
  0.987933278    
  0.988184750    
  0.988436580    
  0.988689542    
  0.988942266    
  0.989195466    
  0.989448369    
  0.989701211    
  0.989953697    
  0.990205765    
  0.990457058    
  0.990707397    
  0.990956485    
  0.991204739    
  0.991451025    
  0.991696239    
  0.991939425    
  0.992180526    
  0.992419839    
  0.992656410    
  0.992890894    
  0.993122518    
  0.993351221    
  0.993577123    
  0.993800044    
  0.994019389    
  0.994235516    
  0.994448066    
  0.994656801    
  0.994861662    
  0.995062649    
  0.995259404    
  0.995452225    
  0.995640397    
  0.995824277    
  0.996003687    
  0.996177971    
  0.996347785    
  0.996512949    
  0.996673048    
  0.996827841    
  0.996977687    
  0.997122586    
  0.997261584    
  0.997395754    
  0.997524261    
  0.997647345    
  0.997764885    
  0.997877300    
  0.997983396    
  0.998084247    
  0.998179436    
  0.998268425    
  0.998351991    
  0.998429656    
  0.998501480    
  0.998567283    
  0.998627067    
  0.998681128    
  0.998729408    
  0.998771310    
  0.998807192    
  0.998837352    
  0.998861253    
  0.998879135    
  0.998890698    
  0.998896539    
  0.998896182    
  0.998889744    
  0.998876989    
  0.998858154    
  0.998833299    
  0.998802423    
  0.998765230    
  0.998722136    
  0.998672426    
  0.998617172    
  0.998555481    
  0.998487830    
  0.998413980    
  0.998334050    
  0.998248279    
  0.998156548    
  0.998058915    
  0.997955441    
  0.997845471    
  0.997730255    
  0.997609258    
  0.997482240    
  0.997349739    
  0.997211754    
  0.997067928    
  0.996918917    
  0.996764660    
  0.996604919    
  0.996439755    
  0.996269703    
  0.996094584    
  0.995914578    
  0.995729864    
  0.995540619    
  0.995346367    
  0.995148361    
  0.994945705    
  0.994738817    
  0.994528055    
  0.994313598    
  0.994094908    
  0.993873119    
  0.993647695    
  0.993418813    
  0.993187129    
  0.992952645    
  0.992715299    
  0.992475152    
  0.992232919    
  0.991988063    
  0.991741240    
  0.991492569    
  0.991242230    
  0.990990043    
  0.990736723    
  0.990482092    
  0.990226448    
  0.989969730    
  0.989712477    
  0.989454329    
  0.989196181    
  0.988937736    
  0.988679349    
  0.988420844    
  0.988162577    
  0.987904847    
  0.987647891    
  0.987391412    
  0.987135589    
  0.986881077    
  0.986627758    
  0.986375690    
  0.986125052    
  0.985876143    
  0.985628664    
  0.985383213    
  0.985139549    
  0.984898329    
  0.984659016    
  0.984422326    
  0.984188020    
  0.983955979    
  0.983726978    
  0.983500898    
  0.983277619    
  0.983057380    
  0.982840300    
  0.982626736    
  0.982416153    
  0.982209384    
  0.982006192    
  0.981806576    
  0.981610894    
  0.981418967    
  0.981231332    
  0.981047690    
  0.980868578    
  0.980693758    
  0.980523050    
  0.980357409    
  0.980196297    
  0.980039835    
  0.979888082    
  0.979741514    
  0.979600072    
  0.979463518    
  0.979332685    
  0.979206860    
  0.979086518    
  0.978971958    
  0.978862882    
  0.978759587    
  0.978661776    
  0.978570402    
  0.978484571    
  0.978404820    
  0.978331268    
  0.978263736    
  0.978202641    
  0.978147805    
  0.978099108    
  0.978056908    
  0.978021085    
  0.977991581    
  0.977968514    
  0.977952242    
  0.977942348    
  0.977938890    
  0.977941871    
  0.977951765    
  0.977968037    
  0.977990627    
  0.978020132    
  0.978055596    
  0.978097916    
  0.978146613    
  0.978201807    
  0.978263140    
  0.978330910    
  0.978405058    
  0.978485167    
  0.978571355    
  0.978663683    
  0.978761792    
  0.978866160    
  0.978976130    
  0.979091346    
  0.979212821    
  0.979339659    
  0.979472041    
  0.979609609    
  0.979752243    
  0.979900002    
  0.980052948    
  0.980210721    
  0.980373383    
  0.980540514    
  0.980712175    
  0.980888188    
  0.981068850    
  0.981253266    
  0.981442213    
  0.981634617    
  0.981831133    
  0.982031167    
  0.982235074    
  0.982441962    
  0.982652247    
  0.982866049    
  0.983082712    
  0.983302295    
  0.983524919    
  0.983750045    
  0.983977616    
  0.984207869    
  0.984440386    
  0.984675109    
  0.984911680    
  0.985150576    
  0.985390902    
  0.985633135    
  0.985876739    
  0.986122072    
  0.986368477    
  0.986616373    
  0.986864924    
  0.987114489    
  0.987364769    
  0.987615883    
  0.987867534    
  0.988119125    
  0.988371372    
  0.988623381    
  0.988875508    
  0.989127100    
  0.989378691    
  0.989629447    
  0.989879847    
  0.990129054    
  0.990377784    
  0.990624905    
  0.990870893    
  0.991115391    
  0.991358578    
  0.991599262    
  0.991838753    
  0.992075443    
  0.992310345    
  0.992542624    
  0.992772341    
  0.992999196    
  0.993223369    
  0.993444502    
  0.993662298    
  0.993876696    
  0.994087636    
  0.994294703    
  0.994498193    
  0.994697571    
  0.994892716    
  0.995083690    
  0.995270133    
  0.995452225    
  0.995629668    
  0.995802283    
  0.995969653    
  0.996132195    
  0.996289730    
  0.996441782    
  0.996588886    
  0.996730268    
  0.996866047    
  0.996996403    
  0.997121036    
  0.997239828    
  0.997352660    
  0.997459710    
  0.997560799    
  0.997656047    
  0.997744977    
  0.997827768    
  0.997904301    
  0.997974932    
  0.998039365    
  0.998097599    
  0.998149395    
  0.998195171    
  0.998234570    
  0.998267829    
  0.998294473    
  0.998315334    
  0.998329639    
  0.998337865    
  0.998339415    
  0.998335242    
  0.998324513    
  0.998308063    
  0.998285294    
  0.998256385    
  0.998220980    
  0.998180032    
  0.998133004    
  0.998080194    
  0.998021007    
  0.997956157    
  0.997885048    
  0.997808695    
  0.997726321    
  0.997637928    
  0.997544348    
  0.997445285    
  0.997339964    
  0.997229576    
  0.997113764    
  0.996992230    
  0.996865690    
  0.996733606    
  0.996596515    
  0.996454060    
  0.996306956    
  0.996154547    
  0.995997131    
  0.995834768    
  0.995667875    
  0.995496452    
  0.995320201    
  0.995139301    
  0.994954526    
  0.994764984    
  0.994571328    
  0.994373620    
  0.994172156    
  0.993966162    
  0.993756890    
  0.993544042    
  0.993327558    
  0.993107677    
  0.992884696    
  0.992658436    
  0.992429316    
  0.992197275    
  0.991962552    
  0.991725683    
  0.991486013    
  0.991244256    
  0.991000354    
  0.990754724    
  0.990507126    
  0.990258336    
  0.990007818    
  0.989756346    
  0.989503801    
  0.989250362    
  0.988996208    
  0.988741577    
  0.988486588    
  0.988231421    
  0.987976432    
  0.987721443    
  0.987466991    
  0.987212777    
  0.986959577    
  0.986707449    
  0.986456096    
  0.986205816    
  0.985957205    
  0.985709846    
  0.985464871    
  0.985221207    
  0.984979808    
  0.984740615    
  0.984503806    
  0.984269381    
  0.984037459    
  0.983808577    
  0.983582139    
  0.983359396    
  0.983139455    
  0.982922912    
  0.982709706    
  0.982500076    
  0.982294023    
  0.982092083    
  0.981893778    
  0.981699228    
  0.981509089    
  0.981322825    
  0.981141090    
  0.980963528    
  0.980790794    
  0.980622172    
  0.980458498    
  0.980299234    
  0.980144858    
  0.979995370    
  0.979850650    
  0.979711175    
  0.979577065    
  0.979447722    
  0.979323745    
  0.979204834    
  0.979091585    
  0.978983402    
  0.978880942    
  0.978784084    
  0.978692710    
  0.978606939    
  0.978527009    
  0.978452861    
  0.978384078    
  0.978321612    
  0.978265107    
  0.978214324    
  0.978169382    
  0.978130698    
  0.978098273    
  0.978071749    
  0.978051245    
  0.978037119    
  0.978028834    
  0.978027225    
  0.978031695    
  0.978042066    
  0.978059173    
  0.978082478    
  0.978112102    
  0.978147447    
  0.978189647    
  0.978237629    
  0.978292227    
  0.978353083    
  0.978419960    
  0.978493154    
  0.978572547    
  0.978657544    
  0.978748977    
  0.978846371    
  0.978949785    
  0.979058802    
  0.979173779    
  0.979294717    
  0.979421079    
  0.979553342    
  0.979691029    
  0.979833782    
  0.979981899    
  0.980135679    
  0.980294406    
  0.980457902    
  0.980626345    
  0.980799496    
  0.980977654    
  0.981159866    
  0.981346786    
  0.981537879    
  0.981733084    
  0.981932402    
  0.982135594    
  0.982342184    
  0.982552409    
  0.982766449    
  0.982983053    
  0.983203471    
  0.983426571    
  0.983652592    
  0.983881414    
  0.984112442    
  0.984346151    
  0.984581888    
  0.984819889    
  0.985059440    
  0.985301197    
  0.985544384    
  0.985789120    
  0.986034989    
  0.986282289    
  0.986530423    
  0.986779451    
  0.987029433    
  0.987279952    
  0.987530947    
  0.987782240    
  0.988033533    
  0.988285005    
  0.988536596    
  0.988787413    
  0.989038408    
  0.989288568    
  0.989538014    
  0.989786983    
  0.990034759    
  0.990281463    
  0.990527034    
  0.990771234    
  0.991013885    
  0.991255164    
  0.991494358    
  0.991732001    
  0.991967559    
  0.992200732    
  0.992432058    
  0.992660582    
  0.992886603    
  0.993110061    
  0.993330538    
  0.993548095    
  0.993762732    
  0.993973792    
  0.994181514    
  0.994386137    
  0.994586885    
  0.994783521    
  0.994976521    
  0.995165467    
  0.995350420    
  0.995530963    
  0.995706856    
  0.995878518    
  0.996045351    
  0.996207595    
  0.996364713    
  0.996516883    
  0.996663988    
  0.996805251    
  0.996941984    
  0.997073054    
  0.997198164    
  0.997318149    
  0.997431993    
  0.997540414    
  0.997642934    
  0.997739136    
  0.997829556    
  0.997913837    
  0.997991860    
  0.998063445    
  0.998129308    
  0.998188496    
  0.998241365    
  0.998287797    
  0.998328090    
  0.998361766    
  0.998388827    
  0.998409569    
  0.998423815    
  0.998431683    
  0.998433113    
  0.998427987    
  0.998416364    
  0.998398483    
  0.998374045    
  0.998343468    
  0.998306155    
  0.998263061    
  0.998213589    
  0.998157501    
  0.998095691    
  0.998027682    
  0.997954011    
  0.997873843    
  0.997787774    
  0.997696161    
  0.997598529    
  0.997495294    
  0.997386515    
  0.997272074    
  0.997152448    
  0.997027218    
  0.996896625    
  0.996760964    
  0.996620059    
  0.996474504    
  0.996323764    
  0.996168137    
  0.996007740    
  0.995842755    
  0.995673358    
  0.995499432    
  0.995321155    
  0.995138586    
  0.994952023    
  0.994761407    
  0.994566798    
  0.994368613    
  0.994166195    
  0.993960559    
  0.993751287    
  0.993538618    
  0.993322730    
  0.993103743    
  0.992881835    
  0.992657006    
  0.992429078    
  0.992199063    
  0.991966367    
  0.991731048    
  0.991493523    
  0.991253972    
  0.991012573    
  0.990769327    
  0.990524411    
  0.990277648    
  0.990029871    
  0.989780784    
  0.989530683    
  0.989279449    
  0.989027500    
  0.988774836    
  0.988521934    
  0.988268435    
  0.988015294    
  0.987761974    
  0.987508714    
  0.987255931    
  0.987003624    
  0.986752212    
  0.986501515    
  0.986251831    
  0.986003458    
  0.985756576    
  0.985511243    
  0.985267341    
  0.985025406    
  0.984785676    
  0.984548032    
  0.984312773    
  0.984080195    
  0.983850420    
  0.983623266    
  0.983398914    
  0.983178079    
  0.982960463    
  0.982746303    
  0.982535660    
  0.982328594    
  0.982125521    
  0.981926501    
  0.981731713    
  0.981541038    
  0.981354356    
  0.981172621    
  0.980995357    
  0.980822682    
  0.980654538    
  0.980491638    
  0.980333328    
  0.980180383    
  0.980032742    
  0.979890049    
  0.979752362    
  0.979620457    
  0.979493856    
  0.979372680    
  0.979257345    
  0.979147255    
  0.979043126    
  0.978944480    
  0.978851676    
  0.978764534    
  0.978683352    
  0.978608131    
  0.978538692    
  0.978475571    
  0.978418171    
  0.978366733    
  0.978321254    
  0.978281975    
  0.978248835    
  0.978221476    
  0.978200257    
  0.978185534    
  0.978176594    
  0.978173971    
  0.978177428    
  0.978186965    
  0.978202879    
  0.978224456    
  0.978252530    
  0.978286684    
  0.978326917    
  0.978372991    
  0.978425503    
  0.978483856    
  0.978548586    
  0.978619337    
  0.978695869    
  0.978778422    
  0.978866994    
  0.978961349    
  0.979061365    
  0.979167581    
  0.979279280    
  0.979396760    
  0.979520023    
  0.979648888    
  0.979783177    
  0.979922891    
  0.980068266    
  0.980218768    
  0.980374455    
  0.980535567    
  0.980701625    
  0.980872333    
  0.981048167    
  0.981228590    
  0.981413901    
  0.981603563    
  0.981797814    
  0.981996179    
  0.982198894    
  0.982405901    
  0.982616603    
  0.982830942    
  0.983049095    
  0.983270407    
  0.983495355    
  0.983723402    
  0.983954966    
  0.984188974    
  0.984425843    
  0.984665275    
  0.984907448    
  0.985151529    
  0.985397875    
  0.985645771    
  0.985895991    
  0.986147642    
  0.986401021    
  0.986655235    
  0.986910760    
  0.987167418    
  0.987424672    
  0.987682462    
  0.987941027    
  0.988199711    
  0.988458514    
  0.988717377    
  0.988976300    
  0.989234388    
  0.989492297    
  0.989749372    
  0.990006030    
  0.990261197    
  0.990516007    
  0.990768969    
  0.991020679    
  0.991270959    
  0.991519511    
  0.991766214    
  0.992011011    
  0.992253602    
  0.992494285    
  0.992732406    
  0.992968202    
  0.993201315    
  0.993431449    
  0.993658721    
  0.993883312    
  0.994104385    
  0.994322658    
  0.994537354    
  0.994748712    
  0.994956434    
  0.995160222    
  0.995360494    
  0.995556653    
  0.995748520    
  0.995936334    
  0.996120036    
  0.996299505    
  0.996474028    
  0.996644437    
  0.996810138    
  0.996970594    
  0.997126520    
  0.997277319    
  0.997422934    
  0.997563422    
  0.997698545    
  0.997828364    
  0.997952700    
  0.998071313    
  0.998184443    
  0.998291850    
  0.998393357    
  0.998489380    
  0.998579025    
  0.998662591    
  0.998740017    
  0.998811722    
  0.998876870    
  0.998935878    
  0.998988628    
  0.999035001    
  0.999074936    
  0.999108613    
  0.999135673    
  0.999156296    
  0.999170244    
  0.999177873    
  0.999179304    
  0.999173701    
  0.999161661    
  0.999143541    
  0.999118268    
  0.999086916    
  0.999049067    
  0.999004841    
  0.998954117    
  0.998897254    
  0.998833895    
  0.998764277    
  0.998688519    
  0.998606443    
  0.998518527    
  0.998424768    
  0.998324871    
  0.998219073    
  0.998107374    
  0.997990072    
  0.997867286    
  0.997738659    
  0.997604728    
  0.997465909    
  0.997321486    
  0.997172236    
  0.997017562    
  0.996858537    
  0.996694565    
  0.996525824    
  0.996352553    
  0.996174753    
  0.995992839    
  0.995806694    
  0.995616376    
  0.995422363    
  0.995224476    
  0.995022535    
  0.994817436    
  0.994608521    
  0.994396687    
  0.994181633    
  0.993963420    
  0.993742406    
  0.993518531    
  0.993291914    
  0.993062913    
  0.992831469    
  0.992597520    
  0.992361784    
  0.992124021    
  0.991884530    
  0.991643071    
  0.991400123    
  0.991155744    
  0.990910172    
  0.990663469    
  0.990415514    
  0.990166545    
  0.989917457    
  0.989667535    
  0.989416957    
  0.989166200    
  0.988915443    
  0.988664508    
  0.988413334    
  0.988163054    
  0.987913013    
  0.987663388    
  0.987414896    
  0.987167299    
  0.986920476    
  0.986674786    
  0.986430645    
  0.986188173    
  0.985947132    
  0.985708058    
  0.985470772    
  0.985235870    
  0.985003233    
  0.984773159    
  0.984545588    
  0.984320581    
  0.984098494    
  0.983879983    
  0.983664215    
  0.983451843    
  0.983242989    
  0.983037770    
  0.982836366    
  0.982639015    
  0.982445478    
  0.982256293    
  0.982071280    
  0.981891155    
  0.981715262    
  0.981543899    
  0.981377363    
  0.981216073    
  0.981059492    
  0.980908155    
  0.980761945    
  0.980621159    
  0.980485618    
  0.980355561    
  0.980230927    
  0.980112195    
  0.979999006    
  0.979891360    
  0.979790032    
  0.979694307    
  0.979604423    
  0.979520500    
  0.979442775    
  0.979370952    
  0.979305446    
  0.979245782    
  0.979192078    
  0.979144812    
  0.979103744    
  0.979068935    
  0.979040265    
  0.979017496    
  0.979000986    
  0.978990972    
  0.978986740    
  0.978989303    
  0.978997707    
  0.979012072    
  0.979032755    
  0.979059637    
  0.979092419    
  0.979131341    
  0.979176164    
  0.979227245    
  0.979284108    
  0.979347110    
  0.979416013    
  0.979490578    
  0.979571164    
  0.979657173    
  0.979749322    
  0.979846895    
  0.979950368    
  0.980059087    
  0.980173409    
  0.980293214    
  0.980418563    
  0.980548918    
  0.980684876    
  0.980825722    
  0.980971992    
  0.981123149    
  0.981279254    
  0.981440425    
  0.981606126    
  0.981776714    
  0.981952012    
  0.982131779    
  0.982315838    
  0.982504070    
  0.982696831    
  0.982893586    
  0.983094394    
  0.983299017    
  0.983507752    
  0.983719766    
  0.983935297    
  0.984154344    
  0.984376907    
  0.984602094    
  0.984830439    
  0.985061705    
  0.985295653    
  0.985532165    
  0.985771239    
  0.986012340    
  0.986255646    
  0.986500978    
  0.986747980    
  0.986996651    
  0.987246811    
  0.987497926    
  0.987750590    
  0.988004029    
  0.988258362    
  0.988513410    
  0.988768458    
  0.989024043    
  0.989279926    
  0.989535570    
  0.989790857    
  0.990045786    
  0.990300238    
  0.990554094    
  0.990806818    
  0.991058528    
  0.991309285    
  0.991558313    
  0.991806090    
  0.992051721    
  0.992295861    
  0.992537975    
  0.992777705    
  0.993015230    
  0.993250251    
  0.993482888    
  0.993712544    
  0.993939698    
  0.994163334    
  0.994384110    
  0.994601548    
  0.994815409    
  0.995026231    
  0.995233297    
  0.995436430    
  0.995635629    
  0.995831072    
  0.996022224    
  0.996209502    
  0.996392190    
  0.996570647    
  0.996744692    
  0.996913910    
  0.997078538    
  0.997238398    
  0.997393548    
  0.997543395    
  0.997688651    
  0.997828603    
  0.997963130    
  0.998092711    
  0.998216927    
  0.998335600    
  0.998448849    
  0.998556435    
  0.998658657    
  0.998754799    
  0.998845577    
  0.998930514    
  0.999009252    
  0.999082208    
  0.999149501    
  0.999210417    
  0.999265552    
  0.999314308    
  0.999357104    
  0.999393582    
  0.999423921    
  0.999448121    
  0.999465883    
  0.999477327    
  0.999482572    
  0.999481380    
  0.999473870    
  0.999460161    
  0.999439895    
  0.999413550    
  0.999380589    
  0.999341130    
  0.999295592    
  0.999243855    
  0.999185860    
  0.999121368    
  0.999050975    
  0.998974085    
  0.998891056    
  0.998802423    
  0.998707354    
  0.998606205    
  0.998499334    
  0.998387039    
  0.998268545    
  0.998144388    
  0.998014510    
  0.997879803    
  0.997738898    
  0.997593045    
  0.997441709    
  0.997285664    
  0.997124612    
  0.996958554    
  0.996787608    
  0.996612072    
  0.996432126    
  0.996247590    
  0.996058881    
  0.995866179    
  0.995669186    
  0.995468736    
  0.995264173    
  0.995056212    
  0.994844556    
  0.994629681    
  0.994411647    
  0.994190693    
  0.993966877    
  0.993740380    
  0.993511260    
  0.993279338    
  0.993045688    
  0.992809534    
  0.992571592    
  0.992331743    
  0.992089808    
  0.991846800    
  0.991602361    
  0.991356552    
  0.991109550    
  0.990861535    
  0.990612805    
  0.990363538    
  0.990113497    
  0.989863098    
  0.989612639    
  0.989362180    
  0.989111662    
  0.988861263    
  0.988610804    
  0.988361299    
  0.988112211    
  0.987864137    
  0.987616718    
  0.987370551    
  0.987125635    
  0.986881793    
  0.986639619    
  0.986398876    
  0.986159742    
  0.985923111    
  0.985688031    
  0.985455394    
  0.985224724    
  0.984996617    
  0.984771252    
  0.984548509    
  0.984328866    
  0.984112084    
  0.983898401    
  0.983687937    
  0.983481169    
  0.983277857    
  0.983077824    
  0.982881904    
  0.982689857    
  0.982501984    
  0.982318461    
  0.982139111    
  0.981964290    
  0.981793940    
  0.981628120    
  0.981467247    
  0.981311262    
  0.981160581    
  0.981014490    
  0.980873883    
  0.980738699    
  0.980608881    
  0.980484426    
  0.980365574    
  0.980252624    
  0.980145216    
  0.980043590    
  0.979948044    
  0.979858339    
  0.979774773    
  0.979697287    
  0.979625762    
  0.979560375    
  0.979501426    
  0.979448557    
  0.979402065    
  0.979361951    
  0.979327738    
  0.979300261    
  0.979278922    
  0.979264021    
  0.979255557    
  0.979253054    
  0.979257345    
  0.979267716    
  0.979284704    
  0.979307353    
  0.979336500    
  0.979371965    
  0.979413867    
  0.979461670    
  0.979515791    
  0.979575634    
  0.979641795    
  0.979713798    
  0.979791760    
  0.979875445    
  0.979965270    
  0.980060577    
  0.980161726    
  0.980268419    
  0.980380893    
  0.980498612    
  0.980621815    
  0.980750144    
  0.980884075    
  0.981023014    
  0.981166959    
  0.981316090    
  0.981469870    
  0.981628716    
  0.981792271    
  0.981960714    
  0.982133210    
  0.982310772    
  0.982492149    
  0.982677937    
  0.982868075    
  0.983062267    
  0.983260453    
  0.983462155    
  0.983667970    
  0.983877361    
  0.984090328    
  0.984306276    
  0.984525800    
  0.984748423    
  0.984974265    
  0.985202730    
  0.985434294    
  0.985668182    
  0.985904753    
  0.986143410    
  0.986384809    
  0.986627758    
  0.986872792    
  0.987119794    
  0.987368345    
  0.987618387    
  0.987869799    
  0.988122284    
  0.988375783    
  0.988630235    
  0.988885224    
  0.989141047    
  0.989396930    
  0.989653289    
  0.989909232    
  0.990165472    
  0.990421236    
  0.990676641    
  0.990931332    
  0.991185367    
  0.991438329    
  0.991690099    
  0.991940618    
  0.992189467    
  0.992436707    
  0.992682278    
  0.992925704    
  0.993167102    
  0.993406236    
  0.993642926    
  0.993876815    
  0.994107962    
  0.994336426    
  0.994561553    
  0.994783640    
  0.995002329    
  0.995217443    
  0.995429158    
  0.995636940    
  0.995840847    
  0.996041059    
  0.996236682    
  0.996428370    
  0.996615410    
  0.996798098    
  0.996976256    
  0.997149587    
  0.997318268    
  0.997482240    
  0.997641265    
  0.997794986    
  0.997943640    
  0.998086989    
  0.998224914    
  0.998357713    
  0.998485446    
  0.998607039    
  0.998723209    
  0.998833776    
  0.998938859    
  0.999038100    
  0.999131262    
  0.999218881    
  0.999300480    
  0.999376297    
  0.999445856    
  0.999509871    
  0.999567449    
  0.999619186    
  0.999664664    
  0.999703884    
  0.999737024    
  0.999763966    
  0.999784827    
  0.999799371    
  0.999807596    
  0.999809742    
  0.999805570    
  0.999795198    
  0.999778509    
  0.999755263    
  0.999726057    
  0.999690294    
  0.999648631    
  0.999600708    
  0.999546349    
  0.999485672    
  0.999419034    
  0.999346256    
  0.999267340    
  0.999182284    
  0.999091208    
  0.998994231    
  0.998891294    
  0.998782277    
  0.998667419    
  0.998546779    
  0.998420477    
  0.998288512    
  0.998151183    
  0.998008192    
  0.997859657    
  0.997705817    
  0.997546971    
  0.997382939    
  0.997213900    
  0.997039974    
  0.996860921    
  0.996677637    
  0.996489525    
  0.996297002    
  0.996100068    
  0.995898664    
  0.995693803    
  0.995484948    
  0.995272040    
  0.995055616    
  0.994835854    
  0.994612455    
  0.994386017    
  0.994156361    
  0.993924201    
  0.993688941    
  0.993451595    
  0.993211627    
  0.992969036    
  0.992724836    
  0.992478132    
  0.992230177    
  0.991980493    
  0.991729379    
  0.991476774    
  0.991223514    
  0.990969062    
  0.990713656    
  0.990457654    
  0.990201175    
  0.989944577    
  0.989687562    
  0.989430487    
  0.989173889    
  0.988917351    
  0.988661408    
  0.988405883    
  0.988151193    
  0.987897515    
  0.987644553    
  0.987392843    
  0.987142563    
  0.986893594    
  0.986646354    
  0.986400902    
  0.986157000    
  0.985915303    
  0.985675633    
  0.985438108    
  0.985203445    
  0.984970987    
  0.984741449    
  0.984514236    
  0.984289825    
  0.984068692    
  0.983850896    
  0.983636260    
  0.983424783    
  0.983217061    
  0.983012974    
  0.982812166    
  0.982616127    
  0.982423246    
  0.982235074    
  0.982050538    
  0.981870830    
  0.981695175    
  0.981524289    
  0.981358111    
  0.981196582    
  0.981039762    
  0.980888307    
  0.980741322    
  0.980599999    
  0.980463922    
  0.980333090    
  0.980207860    
  0.980088234    
  0.979973972    
  0.979865313    
  0.979762495    
  0.979665756    
  0.979575157    
  0.979489982    
  0.979410946    
  0.979338348    
  0.979271829    
  0.979211688    
  0.979157746    
  0.979109883    
  0.979068577    
  0.979033411    
  0.979005098    
  0.978982806    
  0.978967011    
  0.978957832    
  0.978954971    
  0.978958786    
  0.978968561    
  0.978985071    
  0.979007840    
  0.979037225    
  0.979072809    
  0.979114830    
  0.979163170    
  0.979217827    
  0.979278445    
  0.979345679    
  0.979418457    
  0.979497492    
  0.979582727    
  0.979673445    
  0.979770184    
  0.979872704    
  0.979981184    
  0.980094969    
  0.980214357    
  0.980338991    
  0.980469465    
  0.980604589    
  0.980745077    
  0.980890632    
  0.981041074    
  0.981196344    
  0.981356502    
  0.981521368    
  0.981690586    
  0.981864214    
  0.982042253    
  0.982224405    
  0.982410610    
  0.982600987    
  0.982795238    
  0.982993007    
  0.983194411    
  0.983399510    
  0.983607888    
  0.983819306    
  0.984034300    
  0.984251976    
  0.984472811    
  0.984696269    
  0.984922588    
  0.985151410    
  0.985382497    
  0.985615969    
  0.985851407    
  0.986089051    
  0.986328185    
  0.986569762    
  0.986812234    
  0.987056673    
  0.987302244    
  0.987549067    
  0.987797022    
  0.988045990    
  0.988295436    
  0.988545716    
  0.988796175    
  0.989047289    
  0.989298403    
  0.989549756    
  0.989800751    
  0.990051329    
  0.990301967    
  0.990551591    
  0.990800440    
  0.991048455    
  0.991295278    
  0.991540968    
  0.991785049    
  0.992027640    
  0.992268682    
  0.992507458    
  0.992744565    
  0.992978871    
  0.993211269    
  0.993440568    
  0.993668020    
  0.993892014    
  0.994112968    
  0.994330823    
  0.994545400    
  0.994756341    
  0.994963825    
  0.995167255    
  0.995366931    
  0.995562732    
  0.995754123    
  0.995941222    
  0.996124089    
  0.996302068    
  0.996475458    
  0.996644080    
  0.996807754    
  0.996966422    
  0.997119844    
  0.997268260    
  0.997411370    
  0.997548759    
  0.997680843    
  0.997807503    
  0.997928262    
  0.998043537    
  0.998153210    
  0.998256862    
  0.998354733    
  0.998446465    
  0.998532355    
  0.998612285    
  0.998686254    
  0.998754323    
  0.998815894    
  0.998871386    
  0.998921096    
  0.998964250    
  0.999001503    
  0.999032497    
  0.999057412    
  0.999076009    
  0.999088466    
  0.999094665    
  0.999094784    
  0.999088466    
  0.999076605    
  0.999057889    
  0.999033689    
  0.999002814    
  0.998966217    
  0.998923481    
  0.998874724    
  0.998819947    
  0.998759031    
  0.998692214    
  0.998619795    
  0.998541176    
  0.998456836    
  0.998366654    
  0.998270810    
  0.998169184    
  0.998061895    
  0.997949004    
  0.997830272    
  0.997706413    
  0.997576773    
  0.997442067    
  0.997301996    
  0.997156739    
  0.997006416    
  0.996850729    
  0.996690035    
  0.996524513    
  0.996354103    
  0.996179044    
  0.995999396    
  0.995815277    
  0.995626450    
  0.995433569    
  0.995235980    
  0.995034814    
  0.994829416    
  0.994620204    
  0.994407415    
  0.994191051    
  0.993970811    
  0.993747473    
  0.993521154    
  0.993291557    
  0.993059218    
  0.992823780    
  0.992586315    
  0.992346227    
  0.992103994    
  0.991859376    
  0.991613150    
  0.991364598    
  0.991115153    
  0.990863919    
  0.990611613    
  0.990357995    
  0.990103662    
  0.989848375    
  0.989592850    
  0.989336908    
  0.989080608    
  0.988824069    
  0.988567889    
  0.988312125    
  0.988056779    
  0.987802029    
  0.987547874    
  0.987294972    
  0.987043202    
  0.986792505    
  0.986543357    
  0.986295760    
  0.986049891    
  0.985806048    
  0.985564232    
  0.985324621    
  0.985087395    
  0.984852433    
  0.984620094    
  0.984390616    
  0.984163523    
  0.983940303    
  0.983719528    
  0.983502448    
  0.983288109    
  0.983077466    
  0.982870519    
  0.982667148    
  0.982467830    
  0.982272267    
  0.982080162    
  0.981892943    
  0.981709242    
  0.981530309    
  0.981355786    
  0.981185496    
  0.981019735    
  0.980858564    
  0.980702341    
  0.980550885    
  0.980404079    
  0.980262637    
  0.980126083    
  0.979994535    
  0.979868352    
  0.979747534    
  0.979632139    
  0.979521930    
  0.979417264    
  0.979318321    
  0.979224861    
  0.979137242    
  0.979055464    
  0.978979409    
  0.978909254    
  0.978844941    
  0.978786707    
  0.978734553    
  0.978688359    
  0.978648245    
  0.978614509    
  0.978586912    
  0.978565454    
  0.978550613    
  0.978541613    
  0.978539288    
  0.978542924    
  0.978553176    
  0.978569806    
  0.978593051    
  0.978622317    
  0.978657782    
  0.978699684    
  0.978748143    
  0.978802741    
  0.978863597    
  0.978930473    
  0.979003966    
  0.979083300    
  0.979168713    
  0.979260385    
  0.979357958    
  0.979461551    
  0.979571044    
  0.979685962    
  0.979806662    
  0.979933023    
  0.980065107    
  0.980202556    
  0.980345011    
  0.980492830    
  0.980646014    
  0.980804145    
  0.980967045    
  0.981134593    
  0.981306791    
  0.981483579    
  0.981664956    
  0.981850505    
  0.982039869    
  0.982233644    
  0.982431173    
  0.982632399    
  0.982837200    
  0.983045459    
  0.983257055    
  0.983471811    
  0.983689725    
  0.983910620    
  0.984133601    
  0.984359741    
  0.984588265    
  0.984819293    
  0.985052228    
  0.985287249    
  0.985524237    
  0.985763073    
  0.986003578    
  0.986245334    
  0.986488283    
  0.986732781    
  0.986978173    
  0.987224400    
  0.987471581    
  0.987719417    
  0.987967789    
  0.988216281    
  0.988465488    
  0.988714278    
  0.988963485    
  0.989212215    
  0.989460707    
  0.989708841    
  0.989956081    
  0.990202844    
  0.990448594    
  0.990693390    
  0.990937471    
  0.991179585    
  0.991420507    
  0.991659939    
  0.991897583    
  0.992133558    
  0.992367566    
  0.992599308    
  0.992828369    
  0.993055522    
  0.993280053    
  0.993501544    
  0.993720174    
  0.993936121    
  0.994148731    
  0.994358063    
  0.994563937    
  0.994766176    
  0.994964659    
  0.995159209    
  0.995349944    
  0.995536566    
  0.995718777    
  0.995896518    
  0.996069849    
  0.996238291    
  0.996402025    
  0.996560693    
  0.996714532    
  0.996863067    
  0.997006416    
  0.997144461    
  0.997276843    
  0.997403622    
  0.997524977    
  0.997640431    
  0.997749984    
  0.997853696    
  0.997951388    
  0.998043180    
  0.998128474    
  0.998207867    
  0.998280644    
  0.998347461    
  0.998408139    
  0.998462200    
  0.998509824    
  0.998551309    
  0.998586178    
  0.998614788    
  0.998636603    
  0.998652458    
  0.998661637    
  0.998664200    
  0.998660564    
  0.998650193    
  0.998633623    
  0.998610854    
  0.998581529    
  0.998546302    
  0.998504341    
  0.998456717    
  0.998402417    
  0.998342514    
  0.998275995    
  0.998203874    
  0.998125613    
  0.998041511    
  0.997951865    
  0.997856081    
  0.997754753    
  0.997647583    
  0.997535229    
  0.997417212    
  0.997293651    
  0.997164965    
  0.997030795    
  0.996891558    
  0.996747375    
  0.996597826    
  0.996443689    
  0.996284723    
  0.996120512    
  0.995952189    
  0.995778978    
  0.995601594    
  0.995419741    
  0.995233059    
  0.995042622    
  0.994848013    
  0.994649291    
  0.994446754    
  0.994240642    
  0.994030356    
  0.993816555    
  0.993599296    
  0.993379235    
  0.993155420    
  0.992928505    
  0.992698550    
  0.992465794    
  0.992230415    
  0.991992474    
  0.991751850    
  0.991508961    
  0.991264164    
  0.991016984    
  0.990768015    
  0.990517557    
  0.990265071    
  0.990011513    
  0.989756465    
  0.989500701    
  0.989243746    
  0.988986135    
  0.988727570    
  0.988468707    
  0.988209665    
  0.987950623    
  0.987691700    
  0.987432897    
  0.987174511    
  0.986917078    
  0.986660063    
  0.986404240    
  0.986149549    
  0.985895872    
  0.985644042    
  0.985393941    
  0.985145211    
  0.984898925    
  0.984654605    
  0.984412491    
  0.984173238    
  0.983936489    
  0.983702362    
  0.983471572    
  0.983243585    
  0.983018875    
  0.982797503    
  0.982579827    
  0.982365608    
  0.982155442    
  0.981948793    
  0.981746674    
  0.981548369    
  0.981354594    
  0.981165171    
  0.980979919    
  0.980799377    
  0.980623722    
  0.980452597    
  0.980286360    
  0.980125129    
  0.979968905    
  0.979817867    
  0.979671657    
  0.979531169    
  0.979395688    
  0.979265332    
  0.979140878    
  0.979021549    
  0.978907943    
  0.978800118    
  0.978697419    
  0.978600740    
  0.978509307    
  0.978424311    
  0.978344500    
  0.978270888    
  0.978202879    
  0.978141069    
  0.978085101    
  0.978034854    
  0.977990508    
  0.977952480    
  0.977920771    
  0.977894604    
  0.977874637    
  0.977860987    
  0.977853060    
  0.977851808    
  0.977856278    
  0.977867007    
  0.977883875    
  0.977906942    
  0.977936089    
  0.977971673    
  0.978012919    
  0.978060663    
  0.978114307    
  0.978174329    
  0.978240252    
  0.978312612    
  0.978390932    
  0.978475213    
  0.978565097    
  0.978661418    
  0.978763700    
  0.978871822    
  0.978985667    
  0.979105532    
  0.979230762    
  0.979361713    
  0.979498446    
  0.979640543    
  0.979788125    
  0.979940712    
  0.980098724    
  0.980262041    
  0.980430365    
  0.980603635    
  0.980781436    
  0.980964005    
  0.981151223    
  0.981343031    
  0.981539190    
  0.981739461    
  0.981943607    
  0.982151628    
  0.982363701    
  0.982579350    
  0.982798219    
  0.983020782    
  0.983245909    
  0.983474553    
  0.983705699    
  0.983939707    
  0.984176219    
  0.984414995    
  0.984656036    
  0.984899163    
  0.985143960    
  0.985390425    
  0.985638559    
  0.985888064    
  0.986138582    
  0.986390233    
  0.986642420    
  0.986895859    
  0.987149656    
  0.987403750    
  0.987658083    
  0.987912476    
  0.988166869    
  0.988420844    
  0.988674700    
  0.988928020    
  0.989180207    
  0.989432156    
  0.989682734    
  0.989932477    
  0.990181088    
  0.990428209    
  0.990673840    
  0.990918040    
  0.991160095    
  0.991400361    
  0.991638541    
  0.991875172    
  0.992108822    
  0.992340624    
  0.992569327    
  0.992795944    
  0.993019640    
  0.993240118    
  0.993458033    
  0.993672729    
  0.993884265    
  0.994092166    
  0.994296730    
  0.994497836    
  0.994695187    
  0.994888663    
  0.995078087    
  0.995263815    
  0.995444834    
  0.995622098    
  0.995794535    
  0.995962560    
  0.996126115    
  0.996284962    
  0.996438682    
  0.996587574    
  0.996731341    
  0.996869981    
  0.997003198    
  0.997131288    
  0.997253656    
  0.997370780    
  0.997482002    
  0.997587323    
  0.997686982    
  0.997780859    
  0.997868359    
  0.997949958    
  0.998025417    
  0.998094499    
  0.998157501    
  0.998214066    
  0.998264134    
  0.998308063    
  0.998345196    
  0.998376071    
  0.998400271    
  0.998417914    
  0.998429179    
  0.998433709    
  0.998431802    
  0.998422980    
  0.998407781    
  0.998385966    
  0.998357594    
  0.998322725    
  0.998281479    
  0.998233855    
  0.998179555    
  0.998119175    
  0.998052478    
  0.997979462    
  0.997900426    
  0.997815132    
  0.997723937    
  0.997626662    
  0.997523546    
  0.997414947    
  0.997300446    
  0.997180402    
  0.997054935    
  0.996923804    
  0.996787727    
  0.996646464    
  0.996499836    
  0.996348619    
  0.996192515    
  0.996031404    
  0.995866060    
  0.995695829    
  0.995521426    
  0.995342553    
  0.995159864    
  0.994972706    
  0.994782090    
  0.994587481    
  0.994389176    
  0.994187236    
  0.993981838    
  0.993773162    
  0.993561268    
  0.993346334    
  0.993128717    
  0.992907882    
  0.992684305    
  0.992458403    
  0.992229819    
  0.991998911    
  0.991765738    
  0.991530299    
  0.991293132    
  0.991053998    
  0.990813375    
  0.990570724    
  0.990326762    
  0.990081728    
  0.989835262    
  0.989587367    
  0.989338696    
  0.989089489    
  0.988839447    
  0.988588870    
  0.988338232    
  0.988087118    
  0.987835526    
  0.987584412    
  0.987333477    
  0.987082958    
  0.986833215    
  0.986583710    
  0.986335099    
  0.986087680    
  0.985841453    
  0.985596299    
  0.985352576    
  0.985111058    
  0.984870732    
  0.984632850    
  0.984397113    
  0.984163523    
  0.983932376    
  0.983704031    
  0.983478308    
  0.983255863    
  0.983036101    
  0.982820094    
  0.982607484    
  0.982398093    
  0.982192755    
  0.981991112    
  0.981793702    
  0.981600583    
  0.981411636    
  0.981227040    
  0.981047094    
  0.980871677    
  0.980701149    
  0.980535686    
  0.980375230    
  0.980220139    
  0.980069935    
  0.979925454    
  0.979785740    
  0.979652047    
  0.979523838    
  0.979401350    
  0.979284465    
  0.979173422    
  0.979068220    
  0.978968561    
  0.978875041    
  0.978787899    
  0.978706241    
  0.978630781    
  0.978561223    
  0.978497863    
  0.978440702    
  0.978389502    
  0.978344619    
  0.978305578    
  0.978272915    
  0.978246152    
  0.978225529    
  0.978211105    
  0.978202522    
  0.978200257    
  0.978204191    
  0.978214085    
  0.978229880    
  0.978251815    
  0.978279412    
  0.978313565    
  0.978353083    
  0.978398860    
  0.978450239    
  0.978507817    
  0.978571117    
  0.978640199    
  0.978714883    
  0.978795171    
  0.978881538    
  0.978973269    
  0.979070961    
  0.979173422    
  0.979282081    
  0.979396164    
  0.979515553    
  0.979640305    
  0.979769945    
  0.979905307    
  0.980045617    
  0.980191708    
  0.980341971    
  0.980497658    
  0.980658293    
  0.980823934    
  0.980994105    
  0.981169045    
  0.981348574    
  0.981532574    
  0.981721044    
  0.981913745    
  0.982110739    
  0.982311845    
  0.982516944    
  0.982725978    
  0.982938707    
  0.983154774    
  0.983374655    
  0.983597994    
  0.983824253    
  0.984053910    
  0.984286189    
  0.984521449    
  0.984759450    
  0.984999478    
  0.985242248    
  0.985486627    
  0.985733390    
  0.985981822    
  0.986231863    
  0.986483455    
  0.986736238    
  0.986989915    
  0.987244546    
  0.987499893    
  0.987756193    
  0.988012433    
  0.988269150    
  0.988525689    
  0.988782108    
  0.989037931    
  0.989293516    
  0.989548624    
  0.989802599    
  0.990055382    
  0.990306973    
  0.990557551    
  0.990806460    
  0.991053522    
  0.991298735    
  0.991541803    
  0.991783023    
  0.992021799    
  0.992257953    
  0.992491663    
  0.992722809    
  0.992950737    
  0.993175864    
  0.993398011    
  0.993616641    
  0.993832111    
  0.994043767    
  0.994252384    
  0.994457185    
  0.994658232    
  0.994855344    
  0.995048225    
  0.995237052    
  0.995422125    
  0.995602190    
  0.995778620    
  0.995950520    
  0.996117294    
  0.996279836    
  0.996437848    
  0.996591032    
  0.996739209    
  0.996882617    
  0.997020900    
  0.997154117    
  0.997282088    
  0.997405052    
  0.997522593    
  0.997634590    
  0.997741401    
  0.997842550    
  0.997938633    
  0.998028517    
  0.998112857    
  0.998191595    
  0.998264492    
  0.998331189    
  0.998392284    
  0.998446941    
  0.998495996    
  0.998539031    
  0.998575628    
  0.998605967    
  0.998630404    
  0.998648524    
  0.998660207    
  0.998665512    
  0.998664558    
  0.998657346    
  0.998643517    
  0.998623252    
  0.998596668    
  0.998563707    
  0.998524368    
  0.998478651    
  0.998426318    
  0.998367488    
  0.998302579    
  0.998231351    
  0.998153925    
  0.998070002    
  0.997979939    
  0.997884095    
  0.997781694    
  0.997673452    
  0.997559130    
  0.997439265    
  0.997313380    
  0.997181714    
  0.997044742    
  0.996902227    
  0.996754169    
  0.996601045    
  0.996442854    
  0.996279240    
  0.996110797    
  0.995937765    
  0.995760083    
  0.995578051    
  0.995391071    
  0.995200574    
  0.995005429    
  0.994806707    
  0.994604111    
  0.994397640    
  0.994187713    
  0.993974864    
  0.993758440    
  0.993539095    
  0.993317127    
  0.993091881    
  0.992864490    
  0.992634416    
  0.992402136    
  0.992167830    
  0.991931438    
  0.991693437    
  0.991453648    
  0.991212189    
  0.990969539    
  0.990725398    
  0.990480185    
  0.990234375    
  0.989987433    
  0.989739895    
  0.989491701    
  0.989243388    
  0.988994777    
  0.988745332    
  0.988496304    
  0.988247812    
  0.987999201    
  0.987751067    
  0.987503231    
  0.987256408    
  0.987010241    
  0.986765027    
  0.986520588    
  0.986277282    
  0.986035585    
  0.985795140    
  0.985556424    
  0.985319436    
  0.985083818    
  0.984850526    
  0.984619260    
  0.984390259    
  0.984163642    
  0.983939350    
  0.983717740    
  0.983498931    
  0.983283162    
  0.983070254    
  0.982860863    
  0.982654393    
  0.982451379    
  0.982252300    
  0.982056677    
  0.981865287    
  0.981677592    
  0.981494069    
  0.981315136    
  0.981140256    
  0.980970323    
  0.980804443    
  0.980643928    
  0.980488360    
  0.980337501    
  0.980191946    
  0.980051875    
  0.979916990    
  0.979787529    
  0.979663730    
  0.979545653    
  0.979433358    
  0.979327142    
  0.979226649    
  0.979132295    
  0.979044020    
  0.978961825    
  0.978886127    
  0.978816390    
  0.978753328    
  0.978695989    
  0.978645742    
  0.978601515    
  0.978564024    
  0.978533030    
  0.978508472    
  0.978490233    
  0.978478551    
  0.978473604    
  0.978474796    
  0.978482783    
  0.978496850    
  0.978517711    
  0.978544712    
  0.978578210    
  0.978617549    
  0.978663325    
  0.978715479    
  0.978773832    
  0.978838205    
  0.978908420    
  0.978984833    
  0.979066908    
  0.979155302    
  0.979248822    
  0.979348421    
  0.979453862    
  0.979564428    
  0.979680657    
  0.979801834    
  0.979928792    
  0.980060935    
  0.980197847    
  0.980339944    
  0.980487406    
  0.980639338    
  0.980796337    
  0.980957985    
  0.981124103    
  0.981294811    
  0.981470108    
  0.981649816    
  0.981833279    
  0.982021570    
  0.982213557    
  0.982409656    
  0.982609630    
  0.982813358    
  0.983020544    
  0.983231843    
  0.983446419    
  0.983664215    
  0.983885527    
  0.984110117    
  0.984337509    
  0.984567940    
  0.984801054    
  0.985037327    
  0.985275745    
  0.985516429    
  0.985760033    
  0.986005485    
  0.986253023    
  0.986502588    
  0.986753762    
  0.987006247    
  0.987260759    
  0.987516522    
  0.987773478    
  0.988031149    
  0.988289893    
  0.988549173    
  0.988809109    
  0.989069223    
  0.989329696    
  0.989590108    
  0.989850521    
  0.990110278    
  0.990369618    
  0.990628123    
  0.990885973    
  0.991142452    
  0.991398215    
  0.991651893    
  0.991904259    
  0.992154777    
  0.992403328    
  0.992649734    
  0.992893875    
  0.993135214    
  0.993374288    
  0.993610501    
  0.993843496    
  0.994073391    
  0.994300306    
  0.994523048    
  0.994742870    
  0.994958818    
  0.995170832    
  0.995378852    
