  0.999998569    
  0.999998569    
  0.999998450    
  0.999998450    
  0.999998331    
  0.999998093    
  0.999997854    
  0.999997616    
  0.999997377    
  0.999997139    
  0.999996662    
  0.999996424    
  0.999996066    
  0.999995708    
  0.999995232    
  0.999994874    
  0.999994278    
  0.999993682    
  0.999993205    
  0.999992490    
  0.999992013    
  0.999991298    
  0.999990582    
  0.999989867    
  0.999989271    
  0.999988437    
  0.999987721    
  0.999986768    
  0.999986172    
  0.999985218    
  0.999984145    
  0.999983311    
  0.999982357    
  0.999981284    
  0.999980450    
  0.999979377    
  0.999978423    
  0.999977231    
  0.999976158    
  0.999975085    
  0.999973774    
  0.999972820    
  0.999971747    
  0.999970555    
  0.999969363    
  0.999968171    
  0.999966979    
  0.999965787    
  0.999964595    
  0.999963164    
  0.999962091    
  0.999960661    
  0.999959350    
  0.999958038    
  0.999956608    
  0.999955416    
  0.999954104    
  0.999952674    
  0.999951482    
  0.999949932    
  0.999948740    
  0.999947309    
  0.999945998    
  0.999944568    
  0.999943137    
  0.999941826    
  0.999940515    
  0.999939084    
  0.999937534    
  0.999936223    
  0.999934793    
  0.999933481    
  0.999932289    
  0.999930739    
  0.999929309    
  0.999927878    
  0.999926448    
  0.999925256    
  0.999923706    
  0.999922395    
  0.999921083    
  0.999919653    
  0.999918461    
  0.999917030    
  0.999915719    
  0.999914408    
  0.999913096    
  0.999912024    
  0.999910474    
  0.999909163    
  0.999907970    
  0.999906778    
  0.999905467    
  0.999904156    
  0.999902964    
  0.999901652    
  0.999900579    
  0.999899268    
  0.999898076    
  0.999897003    
  0.999895930    
  0.999894857    
  0.999893546    
  0.999892354    
  0.999891400    
  0.999890089    
  0.999889255    
  0.999888182    
  0.999887228    
  0.999886155    
  0.999885082    
  0.999884009    
  0.999883056    
  0.999881983    
  0.999881148    
  0.999880314    
  0.999879360    
  0.999878526    
  0.999877810    
  0.999876857    
  0.999875903    
  0.999875069    
  0.999874234    
  0.999873638    
  0.999872684    
  0.999872088    
  0.999871492    
  0.999870539    
  0.999869943    
  0.999869108    
  0.999868512    
  0.999867797    
  0.999867320    
  0.999866605    
  0.999866128    
  0.999865413    
  0.999865055    
  0.999864578    
  0.999864101    
  0.999863386    
  0.999862790    
  0.999862432    
  0.999861956    
  0.999861598    
  0.999861240    
  0.999861002    
  0.999860525    
  0.999860168    
  0.999859691    
  0.999859333    
  0.999859333    
  0.999859095    
  0.999858737    
  0.999858379    
  0.999858260    
  0.999858141    
  0.999858022    
  0.999857903    
  0.999857545    
  0.999857545    
  0.999857306    
  0.999857306    
  0.999857306    
  0.999857306    
  0.999857187    
  0.999857187    
  0.999857306    
  0.999857426    
  0.999857306    
  0.999857664    
  0.999857545    
  0.999857783    
  0.999857903    
  0.999858022    
  0.999858379    
  0.999858499    
  0.999858618    
  0.999858856    
  0.999859214    
  0.999859452    
  0.999859691    
  0.999860048    
  0.999860406    
  0.999861002    
  0.999861240    
  0.999861598    
  0.999862075    
  0.999862552    
  0.999863148    
  0.999863625    
  0.999864221    
  0.999864578    
  0.999865174    
  0.999865890    
  0.999866486    
  0.999866962    
  0.999867558    
  0.999868393    
  0.999868989    
  0.999869704    
  0.999870300    
  0.999871135    
  0.999871969    
  0.999872684    
  0.999873519    
  0.999874234    
  0.999874949    
  0.999875903    
  0.999876738    
  0.999877691    
  0.999878526    
  0.999879360    
  0.999880433    
  0.999881268    
  0.999882340    
  0.999883175    
  0.999884248    
  0.999885440    
  0.999886513    
  0.999887586    
  0.999888659    
  0.999889731    
  0.999890804    
  0.999891877    
  0.999893069    
  0.999894142    
  0.999895334    
  0.999896407    
  0.999897718    
  0.999898791    
  0.999899983    
  0.999901295    
  0.999902487    
  0.999903679    
  0.999904871    
  0.999906063    
  0.999907494    
  0.999908805    
  0.999909759    
  0.999911189    
  0.999912381    
  0.999913812    
  0.999915123    
  0.999916315    
  0.999917507    
  0.999918938    
  0.999920011    
  0.999921560    
  0.999922752    
  0.999924064    
  0.999925375    
  0.999926686    
  0.999927998    
  0.999929190    
  0.999930501    
  0.999931812    
  0.999933004    
  0.999934316    
  0.999935746    
  0.999936938    
  0.999938011    
  0.999939442    
  0.999940753    
  0.999942064    
  0.999943256    
  0.999944329    
  0.999945641    
  0.999946594    
  0.999947906    
  0.999949098    
  0.999950171    
  0.999951243    
  0.999952555    
  0.999953508    
  0.999954700    
  0.999955773    
  0.999956727    
  0.999957919    
  0.999958754    
  0.999959826    
  0.999960899    
  0.999961734    
  0.999962687    
  0.999963522    
  0.999964356    
  0.999965310    
  0.999966383    
  0.999966979    
  0.999967813    
  0.999968648    
  0.999969363    
  0.999970078    
  0.999970794    
  0.999971271    
  0.999971986    
  0.999972820    
  0.999973297    
  0.999973655    
  0.999974489    
  0.999974966    
  0.999975204    
  0.999975681    
  0.999976039    
  0.999976397    
  0.999976873    
  0.999977350    
  0.999977589    
  0.999977827    
  0.999978065    
  0.999978185    
  0.999978423    
  0.999978542    
  0.999978662    
  0.999978662    
  0.999978662    
  0.999978662    
  0.999978662    
  0.999978900    
  0.999978662    
  0.999978423    
  0.999978423    
  0.999978185    
  0.999977946    
  0.999977827    
  0.999977589    
  0.999977350    
  0.999977231    
  0.999976635    
  0.999976277    
  0.999975801    
  0.999975681    
  0.999975085    
  0.999974728    
  0.999974132    
  0.999973774    
  0.999973059    
  0.999972343    
  0.999971867    
  0.999971271    
  0.999970675    
  0.999969959    
  0.999969125    
  0.999968529    
  0.999967813    
  0.999967098    
  0.999966264    
  0.999965310    
  0.999964595    
  0.999963641    
  0.999962926    
  0.999962091    
  0.999961138    
  0.999960184    
  0.999959350    
  0.999958277    
  0.999957323    
  0.999956369    
  0.999955416    
  0.999954462    
  0.999953389    
  0.999952197    
  0.999951363    
  0.999950290    
  0.999949217    
  0.999948025    
  0.999946952    
  0.999945879    
  0.999944687    
  0.999943733    
  0.999942422    
  0.999941230    
  0.999940395    
  0.999939084    
  0.999938130    
  0.999936819    
  0.999935627    
  0.999934435    
  0.999933243    
  0.999932170    
  0.999931097    
  0.999929905    
  0.999928594    
  0.999927521    
  0.999926329    
  0.999925017    
  0.999923706    
  0.999922514    
  0.999921441    
  0.999920368    
  0.999919057    
  0.999917984    
  0.999916911    
  0.999915838    
  0.999914646    
  0.999913335    
  0.999912143    
  0.999910951    
  0.999909997    
  0.999908805    
  0.999907732    
  0.999906540    
  0.999905467    
  0.999904275    
  0.999903202    
  0.999902248    
  0.999900937    
  0.999899983    
  0.999898911    
  0.999897957    
  0.999896884    
  0.999895930    
  0.999894619    
  0.999893785    
  0.999892950    
  0.999891758    
  0.999890924    
  0.999889851    
  0.999889016    
  0.999888062    
  0.999887109    
  0.999886155    
  0.999885440    
  0.999884367    
  0.999883413    
  0.999882579    
  0.999881744    
  0.999880910    
  0.999879956    
  0.999879241    
  0.999878168    
  0.999877334    
  0.999876618    
  0.999875784    
  0.999875188    
  0.999874353    
  0.999873400    
  0.999872804    
  0.999872088    
  0.999871492    
  0.999870658    
  0.999870181    
  0.999869466    
  0.999868751    
  0.999868035    
  0.999867558    
  0.999866843    
  0.999866366    
  0.999865770    
  0.999865174    
  0.999864459    
  0.999864101    
  0.999863505    
  0.999863148    
  0.999862671    
  0.999862075    
  0.999861717    
  0.999861121    
  0.999860764    
  0.999860287    
  0.999859810    
  0.999859452    
  0.999859095    
  0.999858856    
  0.999858379    
  0.999858022    
  0.999857783    
  0.999857426    
  0.999857068    
  0.999856949    
  0.999856710    
  0.999856472    
  0.999856234    
  0.999855876    
  0.999855638    
  0.999855518    
  0.999855399    
  0.999855161    
  0.999855161    
  0.999854922    
  0.999854922    
  0.999855042    
  0.999854684    
  0.999854803    
  0.999854684    
  0.999854803    
  0.999854803    
  0.999854684    
  0.999854684    
  0.999855042    
  0.999855042    
  0.999855042    
  0.999855280    
  0.999855280    
  0.999855518    
  0.999855757    
  0.999855995    
  0.999856114    
  0.999856353    
  0.999856591    
  0.999856949    
  0.999857187    
  0.999857545    
  0.999857783    
  0.999858022    
  0.999858499    
  0.999858856    
  0.999859095    
  0.999859452    
  0.999860048    
  0.999860525    
  0.999861002    
  0.999861479    
  0.999861956    
  0.999862671    
  0.999863148    
  0.999863625    
  0.999864221    
  0.999864697    
  0.999865532    
  0.999866128    
  0.999866724    
  0.999867439    
  0.999868155    
  0.999868870    
  0.999869466    
  0.999870300    
  0.999870896    
  0.999871850    
  0.999872684    
  0.999873400    
  0.999874353    
  0.999875188    
  0.999876142    
  0.999876857    
  0.999877572    
  0.999878407    
  0.999879360    
  0.999880433    
  0.999881387    
  0.999882340    
  0.999883294    
  0.999884367    
  0.999885201    
  0.999886155    
  0.999887347    
  0.999888182    
  0.999889255    
  0.999890327    
  0.999891281    
  0.999892592    
  0.999893546    
  0.999894619    
  0.999895453    
  0.999896765    
  0.999897718    
  0.999898911    
  0.999899983    
  0.999901056    
  0.999902248    
  0.999903202    
  0.999904513    
  0.999905348    
  0.999906540    
  0.999907732    
  0.999908686    
  0.999909759    
  0.999911070    
  0.999912143    
  0.999913216    
  0.999914289    
  0.999915361    
  0.999916553    
  0.999917626    
  0.999918699    
  0.999919653    
  0.999920726    
  0.999921799    
  0.999922752    
  0.999923825    
  0.999924898    
  0.999925971    
  0.999926805    
  0.999927878    
  0.999929070    
  0.999929786    
  0.999930739    
  0.999931812    
  0.999932528    
  0.999933600    
  0.999934435    
  0.999935269    
  0.999936104    
  0.999937057    
  0.999937773    
  0.999938726    
  0.999939442    
  0.999940157    
  0.999940991    
  0.999941826    
  0.999942422    
  0.999943018    
  0.999943733    
  0.999944329    
  0.999945164    
  0.999945760    
  0.999946356    
  0.999946952    
  0.999947429    
  0.999948025    
  0.999948502    
  0.999948859    
  0.999949455    
  0.999949813    
  0.999950290    
  0.999950647    
  0.999950886    
  0.999951363    
  0.999951720    
  0.999951839    
  0.999952197    
  0.999952435    
  0.999952435    
  0.999952793    
  0.999953032    
  0.999953151    
  0.999953270    
  0.999953270    
  0.999953270    
  0.999953270    
  0.999953270    
  0.999953151    
  0.999953270    
  0.999953032    
  0.999953151    
  0.999952912    
  0.999952912    
  0.999952912    
  0.999952555    
  0.999952435    
  0.999952078    
  0.999952078    
  0.999951601    
  0.999951482    
  0.999951124    
  0.999950767    
  0.999950409    
  0.999950171    
  0.999949813    
  0.999949336    
  0.999948978    
  0.999948621    
  0.999948025    
  0.999947429    
  0.999947071    
  0.999946475    
  0.999946117    
  0.999945521    
  0.999944925    
  0.999944448    
  0.999943852    
  0.999943137    
  0.999942541    
  0.999941945    
  0.999941230    
  0.999940634    
  0.999940157    
  0.999939442    
  0.999938607    
  0.999938011    
  0.999937177    
  0.999936700    
  0.999935865    
  0.999935150    
  0.999934435    
  0.999933839    
  0.999933004    
  0.999932289    
  0.999931455    
  0.999930859    
  0.999930024    
  0.999929190    
  0.999928474    
  0.999927759    
  0.999926925    
  0.999925971    
  0.999925375    
  0.999924660    
  0.999923825    
  0.999923110    
  0.999922395    
  0.999921560    
  0.999920845    
  0.999919891    
  0.999919176    
  0.999918342    
  0.999917507    
  0.999916792    
  0.999916077    
  0.999915361    
  0.999914765    
  0.999913931    
  0.999913096    
  0.999912262    
  0.999911666    
  0.999910951    
  0.999910116    
  0.999909282    
  0.999908686    
  0.999907970    
  0.999907374    
  0.999906659    
  0.999905825    
  0.999905229    
  0.999904513    
  0.999903798    
  0.999903083    
  0.999902487    
  0.999901891    
  0.999901295    
  0.999900460    
  0.999899864    
  0.999899387    
  0.999898672    
  0.999898195    
  0.999897361    
  0.999896884    
  0.999896169    
  0.999895930    
  0.999895215    
  0.999894738    
  0.999894142    
  0.999893546    
  0.999893069    
  0.999892473    
  0.999891996    
  0.999891400    
  0.999891043    
  0.999890566    
  0.999890089    
  0.999889612    
  0.999889135    
  0.999888659    
  0.999888182    
  0.999887705    
  0.999887466    
  0.999886990    
  0.999886632    
  0.999886155    
  0.999885798    
  0.999885440    
  0.999884963    
  0.999884486    
  0.999884248    
  0.999883771    
  0.999883771    
  0.999883413    
  0.999882936    
  0.999882698    
  0.999882340    
  0.999882221    
  0.999881744    
  0.999881506    
  0.999881268    
  0.999881029    
  0.999880791    
  0.999880433    
  0.999880314    
  0.999880195    
  0.999879837    
  0.999879837    
  0.999879599    
  0.999879360    
  0.999879003    
  0.999879122    
  0.999879003    
  0.999878883    
  0.999878526    
  0.999878526    
  0.999878407    
  0.999878407    
  0.999878168    
  0.999878049    
  0.999878049    
  0.999878168    
  0.999878049    
  0.999878049    
  0.999877810    
  0.999877930    
  0.999878049    
  0.999877930    
  0.999877930    
  0.999877930    
  0.999878049    
  0.999878049    
  0.999878168    
  0.999878407    
  0.999878407    
  0.999878645    
  0.999878645    
  0.999878883    
  0.999878883    
  0.999879122    
  0.999879241    
  0.999879360    
  0.999879599    
  0.999879718    
  0.999880075    
  0.999880314    
  0.999880433    
  0.999880672    
  0.999881029    
  0.999881506    
  0.999881744    
  0.999881983    
  0.999882340    
  0.999882698    
  0.999883056    
  0.999883294    
  0.999883890    
  0.999884009    
  0.999884725    
  0.999884963    
  0.999885559    
  0.999885798    
  0.999886394    
  0.999886870    
  0.999887466    
  0.999887705    
  0.999888301    
  0.999888897    
  0.999889374    
  0.999889970    
  0.999890447    
  0.999891162    
  0.999891639    
  0.999892354    
  0.999892831    
  0.999893427    
  0.999894261    
  0.999894857    
  0.999895573    
  0.999896288    
  0.999897003    
  0.999897599    
  0.999898314    
  0.999899030    
  0.999899864    
  0.999900579    
  0.999901295    
  0.999902010    
  0.999902725    
  0.999903679    
  0.999904275    
  0.999904990    
  0.999905705    
  0.999906659    
  0.999907374    
  0.999908209    
  0.999909043    
  0.999909878    
  0.999910831    
  0.999911547    
  0.999912381    
  0.999913096    
  0.999914169    
  0.999914885    
  0.999915719    
  0.999916553    
  0.999917507    
  0.999918342    
  0.999919057    
  0.999919891    
  0.999920845    
  0.999921799    
  0.999922514    
  0.999923587    
  0.999924183    
  0.999925256    
  0.999925971    
  0.999926925    
  0.999927759    
  0.999928236    
  0.999929190    
  0.999930024    
  0.999930739    
  0.999931574    
  0.999932408    
  0.999933004    
  0.999933958    
  0.999934554    
  0.999935389    
  0.999936223    
  0.999936819    
  0.999937534    
  0.999938250    
  0.999938965    
  0.999939561    
  0.999940038    
  0.999940872    
  0.999941349    
  0.999942064    
  0.999942660    
  0.999943137    
  0.999943733    
  0.999944329    
  0.999944806    
  0.999945402    
  0.999945879    
  0.999946356    
  0.999946713    
  0.999947071    
  0.999947667    
  0.999947906    
  0.999948382    
  0.999948859    
  0.999949098    
  0.999949455    
  0.999949813    
  0.999950051    
  0.999950171    
  0.999950409    
  0.999950647    
  0.999950886    
  0.999951124    
  0.999951363    
  0.999951482    
  0.999951601    
  0.999951839    
  0.999951959    
  0.999951839    
  0.999951839    
  0.999951839    
  0.999951959    
  0.999951959    
  0.999951839    
  0.999951839    
  0.999951720    
  0.999951720    
  0.999951482    
  0.999951363    
  0.999951243    
  0.999951005    
  0.999950886    
  0.999950767    
  0.999950528    
  0.999950290    
  0.999949932    
  0.999949694    
  0.999949455    
  0.999949217    
  0.999948621    
  0.999948502    
  0.999948025    
  0.999947906    
  0.999947309    
  0.999947071    
  0.999946475    
  0.999946117    
  0.999945641    
  0.999945164    
  0.999944687    
  0.999944329    
  0.999943733    
  0.999943256    
  0.999942899    
  0.999942303    
  0.999941707    
  0.999941230    
  0.999940872    
  0.999940157    
  0.999939680    
  0.999939084    
  0.999938488    
  0.999938011    
  0.999937296    
  0.999936700    
  0.999936104    
  0.999935508    
  0.999934793    
  0.999934435    
  0.999933720    
  0.999933243    
  0.999932647    
  0.999931931    
  0.999931216    
  0.999930739    
  0.999930143    
  0.999929667    
  0.999928832    
  0.999928355    
  0.999927640    
  0.999927044    
  0.999926567    
  0.999925852    
  0.999925256    
  0.999924660    
  0.999924183    
  0.999923587    
  0.999922991    
  0.999922395    
  0.999921799    
  0.999921203    
  0.999920726    
  0.999920130    
  0.999919653    
  0.999919057    
  0.999918580    
  0.999917984    
  0.999917388    
  0.999916792    
  0.999916434    
  0.999916077    
  0.999915481    
  0.999915004    
  0.999914765    
  0.999914169    
  0.999913692    
  0.999913454    
  0.999912977    
  0.999912500    
  0.999912143    
  0.999911427    
  0.999911070    
  0.999910712    
  0.999910355    
  0.999909997    
  0.999909639    
  0.999909401    
  0.999908924    
  0.999908686    
  0.999908209    
  0.999907970    
  0.999907851    
  0.999907374    
  0.999907136    
  0.999906778    
  0.999906540    
  0.999906421    
  0.999905944    
  0.999905825    
  0.999905825    
  0.999905348    
  0.999905229    
  0.999905109    
  0.999904752    
  0.999904633    
  0.999904394    
  0.999904275    
  0.999904037    
  0.999903917    
  0.999903917    
  0.999903440    
  0.999903440    
  0.999903202    
  0.999903202    
  0.999902964    
  0.999902844    
  0.999902844    
  0.999902725    
  0.999902725    
  0.999902725    
  0.999902487    
  0.999902606    
  0.999902606    
  0.999902487    
  0.999902606    
  0.999902487    
  0.999902368    
  0.999902368    
  0.999902368    
  0.999902248    
  0.999902368    
  0.999902248    
  0.999902487    
  0.999902606    
  0.999902606    
  0.999902606    
  0.999902606    
  0.999902606    
  0.999902725    
  0.999902725    
  0.999902844    
  0.999902725    
  0.999902844    
  0.999902964    
  0.999903083    
  0.999903321    
  0.999903321    
  0.999903321    
  0.999903560    
  0.999903679    
  0.999903679    
  0.999903798    
  0.999904156    
  0.999904275    
  0.999904513    
  0.999904513    
  0.999904633    
  0.999904871    
  0.999905109    
  0.999905229    
  0.999905348    
  0.999905586    
  0.999905944    
  0.999906063    
  0.999906301    
  0.999906421    
  0.999906778    
  0.999907136    
  0.999907255    
  0.999907494    
  0.999907732    
  0.999908090    
  0.999908328    
  0.999908566    
  0.999908924    
  0.999909163    
  0.999909282    
  0.999909759    
  0.999910116    
  0.999910355    
  0.999910831    
  0.999911070    
  0.999911547    
  0.999911785    
  0.999912143    
  0.999912500    
  0.999912858    
  0.999913335    
  0.999913692    
  0.999914169    
  0.999914646    
  0.999915004    
  0.999915361    
  0.999915719    
  0.999916315    
  0.999916792    
  0.999917150    
  0.999917746    
  0.999917984    
  0.999918699    
  0.999919176    
  0.999919534    
  0.999920130    
  0.999920607    
  0.999920964    
  0.999921560    
  0.999922156    
  0.999922752    
  0.999923348    
  0.999923825    
  0.999924183    
  0.999924779    
  0.999925256    
  0.999925852    
  0.999926448    
  0.999926805    
  0.999927402    
  0.999928117    
  0.999928474    
  0.999929309    
  0.999929786    
  0.999930382    
  0.999930978    
  0.999931335    
  0.999932170    
  0.999932647    
  0.999933362    
  0.999933958    
  0.999934316    
  0.999935031    
  0.999935389    
  0.999936104    
  0.999936581    
  0.999937177    
  0.999937654    
  0.999938369    
  0.999938846    
  0.999939561    
  0.999939919    
  0.999940515    
  0.999940991    
  0.999941587    
  0.999942183    
  0.999942541    
  0.999943256    
  0.999943852    
  0.999944091    
  0.999944687    
  0.999945164    
  0.999945402    
  0.999945998    
  0.999946356    
  0.999946833    
  0.999947309    
  0.999947667    
  0.999948144    
  0.999948621    
  0.999948859    
  0.999949336    
  0.999949574    
  0.999950051    
  0.999950409    
  0.999950409    
  0.999950767    
  0.999951005    
  0.999951482    
  0.999951720    
  0.999951959    
  0.999952078    
  0.999952197    
  0.999952555    
  0.999952674    
  0.999952674    
  0.999952912    
  0.999952793    
  0.999953032    
  0.999953032    
  0.999953151    
  0.999953270    
  0.999953151    
  0.999953151    
  0.999953151    
  0.999953270    
  0.999953151    
  0.999952793    
  0.999952793    
  0.999952555    
  0.999952674    
  0.999952435    
  0.999952197    
  0.999952078    
  0.999951959    
  0.999951839    
  0.999951482    
  0.999951243    
  0.999950886    
  0.999950528    
  0.999950171    
  0.999949813    
  0.999949574    
  0.999949217    
  0.999948502    
  0.999948263    
  0.999947786    
  0.999947429    
  0.999946952    
  0.999946475    
  0.999945879    
  0.999945521    
  0.999944925    
  0.999944210    
  0.999943733    
  0.999943256    
  0.999942660    
  0.999942183    
  0.999941468    
  0.999940753    
  0.999940038    
  0.999939561    
  0.999938726    
  0.999938130    
  0.999937773    
  0.999936938    
  0.999936223    
  0.999935508    
  0.999934793    
  0.999934077    
  0.999933362    
  0.999932766    
  0.999931931    
  0.999930859    
  0.999930263    
  0.999929547    
  0.999928713    
  0.999927878    
  0.999927163    
  0.999926329    
  0.999925613    
  0.999924660    
  0.999924064    
  0.999923229    
  0.999922633    
  0.999921679    
  0.999920845    
  0.999920130    
  0.999919176    
  0.999918580    
  0.999917865    
  0.999917030    
  0.999916315    
  0.999915481    
  0.999914885    
  0.999914050    
  0.999913454    
  0.999912620    
  0.999911785    
  0.999911189    
  0.999910474    
  0.999909759    
  0.999909043    
  0.999908328    
  0.999907613    
  0.999906898    
  0.999906063    
  0.999905586    
  0.999904871    
  0.999904275    
  0.999903679    
  0.999903083    
  0.999902368    
  0.999901891    
  0.999901175    
  0.999900818    
  0.999900341    
  0.999899745    
  0.999899149    
  0.999898553    
  0.999898076    
  0.999897599    
  0.999897122    
  0.999896646    
  0.999896049    
  0.999895692    
  0.999895334    
  0.999894977    
  0.999894619    
  0.999894261    
  0.999893785    
  0.999893546    
  0.999893188    
  0.999892712    
  0.999892473    
  0.999892116    
  0.999891877    
  0.999891758    
  0.999891520    
  0.999891162    
  0.999890924    
  0.999890685    
  0.999890804    
  0.999890447    
  0.999890089    
  0.999889970    
  0.999889851    
  0.999889851    
  0.999889731    
  0.999889612    
  0.999889612    
  0.999889493    
  0.999889612    
  0.999889255    
  0.999889255    
  0.999889255    
  0.999889255    
  0.999889255    
  0.999889374    
  0.999889255    
  0.999889493    
  0.999889493    
  0.999889493    
  0.999889493    
  0.999889612    
  0.999889731    
  0.999889851    
  0.999889970    
  0.999889970    
  0.999890327    
  0.999890566    
  0.999890447    
  0.999890566    
  0.999890804    
  0.999890924    
  0.999891281    
  0.999891520    
  0.999891639    
  0.999891877    
  0.999892116    
  0.999892354    
  0.999892473    
  0.999892712    
  0.999893069    
  0.999893427    
  0.999893665    
  0.999893904    
  0.999894142    
  0.999894619    
  0.999894857    
  0.999894977    
  0.999895215    
  0.999895573    
  0.999896049    
  0.999896288    
  0.999896646    
  0.999897003    
  0.999897480    
  0.999897718    
  0.999897957    
  0.999898314    
  0.999898791    
  0.999899149    
  0.999899507    
  0.999899864    
  0.999900341    
  0.999900818    
  0.999901175    
  0.999901414    
  0.999901891    
  0.999902368    
  0.999902725    
  0.999902964    
  0.999903560    
  0.999904037    
  0.999904633    
  0.999904990    
  0.999905348    
  0.999905825    
  0.999906182    
  0.999906778    
  0.999907136    
  0.999907732    
  0.999908209    
  0.999908566    
  0.999909043    
  0.999909639    
  0.999910116    
  0.999910712    
  0.999911189    
  0.999911547    
  0.999912143    
  0.999912620    
  0.999913216    
  0.999913573    
  0.999914169    
  0.999914765    
  0.999915361    
  0.999915838    
  0.999916315    
  0.999916911    
  0.999917507    
  0.999917984    
  0.999918580    
  0.999919057    
  0.999919772    
  0.999920249    
  0.999920726    
  0.999921322    
  0.999921799    
  0.999922514    
  0.999923110    
  0.999923587    
  0.999924183    
  0.999924898    
  0.999925375    
  0.999925971    
  0.999926567    
  0.999927163    
  0.999927878    
  0.999928355    
  0.999928713    
  0.999929309    
  0.999929905    
  0.999930620    
  0.999931097    
  0.999931812    
  0.999932289    
  0.999932885    
  0.999933600    
  0.999933958    
  0.999934673    
  0.999935269    
  0.999935627    
  0.999936104    
  0.999936938    
  0.999937177    
  0.999937773    
  0.999938250    
  0.999938846    
  0.999939322    
  0.999939919    
  0.999940395    
  0.999940753    
  0.999941349    
  0.999941707    
  0.999942303    
  0.999942660    
  0.999943137    
  0.999943733    
  0.999943972    
  0.999944568    
  0.999944925    
  0.999945283    
  0.999945641    
  0.999945998    
  0.999946475    
  0.999946713    
  0.999946952    
  0.999947429    
  0.999947548    
  0.999948025    
  0.999948025    
  0.999948382    
  0.999948621    
  0.999948740    
  0.999948978    
  0.999949098    
  0.999949217    
  0.999949336    
  0.999949694    
  0.999949574    
  0.999949694    
  0.999949813    
  0.999949813    
  0.999949813    
  0.999949932    
  0.999949932    
  0.999949932    
  0.999949932    
  0.999949813    
  0.999949932    
  0.999949574    
  0.999949574    
  0.999949336    
  0.999949217    
  0.999948978    
  0.999948740    
  0.999948502    
  0.999948144    
  0.999947906    
  0.999947667    
  0.999947667    
  0.999946952    
  0.999946713    
  0.999946237    
  0.999945879    
  0.999945641    
  0.999945045    
  0.999944568    
  0.999944091    
  0.999943614    
  0.999943018    
  0.999942422    
  0.999942064    
  0.999941468    
  0.999940634    
  0.999940038    
  0.999939442    
  0.999938726    
  0.999938011    
  0.999937296    
  0.999936461    
  0.999935865    
  0.999935150    
  0.999934316    
  0.999933481    
  0.999932766    
  0.999931931    
  0.999931097    
  0.999930143    
  0.999929309    
  0.999928355    
  0.999927402    
  0.999926686    
  0.999925733    
  0.999924660    
  0.999923825    
  0.999922752    
  0.999921799    
  0.999920726    
  0.999920011    
  0.999918938    
  0.999917865    
  0.999916911    
  0.999915838    
  0.999914885    
  0.999913812    
  0.999912620    
  0.999911785    
  0.999910593    
  0.999909520    
  0.999908447    
  0.999907494    
  0.999906301    
  0.999905467    
  0.999904156    
  0.999903083    
  0.999902129    
  0.999901056    
  0.999900103    
  0.999898791    
  0.999897957    
  0.999896884    
  0.999895811    
  0.999894738    
  0.999893665    
  0.999892712    
  0.999891639    
  0.999890566    
  0.999889493    
  0.999888778    
  0.999887705    
  0.999886751    
  0.999885798    
  0.999884844    
  0.999883890    
  0.999882936    
  0.999881983    
  0.999881029    
  0.999880195    
  0.999879360    
  0.999878407    
  0.999877572    
  0.999876618    
  0.999875784    
  0.999875069    
  0.999874353    
  0.999873519    
  0.999872684    
  0.999871969    
  0.999871254    
  0.999870539    
  0.999869943    
  0.999869227    
  0.999868631    
  0.999868035    
  0.999867201    
  0.999866605    
  0.999866128    
  0.999865532    
  0.999865055    
  0.999864578    
  0.999863982    
  0.999863386    
  0.999863029    
  0.999862671    
  0.999862194    
  0.999861836    
  0.999861598    
  0.999861121    
  0.999860764    
  0.999860406    
  0.999860168    
  0.999859929    
  0.999859691    
  0.999859214    
  0.999859095    
  0.999858737    
  0.999858618    
  0.999858618    
  0.999858379    
  0.999858260    
  0.999858260    
  0.999858022    
  0.999858022    
  0.999857903    
  0.999858022    
  0.999858141    
  0.999858022    
  0.999858141    
  0.999858141    
  0.999858141    
  0.999858260    
  0.999858499    
  0.999858618    
  0.999858737    
  0.999858856    
  0.999859095    
  0.999859333    
  0.999859452    
  0.999859810    
  0.999860048    
  0.999860168    
  0.999860406    
  0.999860883    
  0.999861121    
  0.999861479    
  0.999861717    
  0.999862075    
  0.999862552    
  0.999862790    
  0.999863386    
  0.999863863    
  0.999864101    
  0.999864578    
  0.999865294    
  0.999865770    
  0.999866247    
  0.999866724    
  0.999867201    
  0.999867797    
  0.999868274    
  0.999868870    
  0.999869466    
  0.999869943    
  0.999870658    
  0.999871254    
  0.999871850    
  0.999872327    
  0.999872804    
  0.999873519    
  0.999873996    
  0.999874830    
  0.999875546    
  0.999876261    
  0.999876857    
  0.999877453    
  0.999878287    
  0.999878883    
  0.999879718    
  0.999880433    
  0.999881268    
  0.999881983    
  0.999882579    
  0.999883413    
  0.999884129    
  0.999884963    
  0.999885678    
  0.999886513    
  0.999887347    
  0.999888182    
  0.999888897    
  0.999889731    
  0.999890566    
  0.999891400    
  0.999892235    
  0.999892950    
  0.999893904    
  0.999894619    
  0.999895453    
  0.999896526    
  0.999897242    
  0.999898195    
  0.999899030    
  0.999899864    
  0.999900818    
  0.999901772    
  0.999902606    
  0.999903560    
  0.999904394    
  0.999905348    
  0.999906421    
  0.999907255    
  0.999908090    
  0.999908924    
  0.999909878    
  0.999910951    
  0.999911785    
  0.999912739    
  0.999913692    
  0.999914646    
  0.999915600    
  0.999916553    
  0.999917507    
  0.999918461    
  0.999919295    
  0.999920011    
  0.999921083    
  0.999921918    
  0.999923110    
  0.999924064    
  0.999925017    
  0.999925971    
  0.999926925    
  0.999927878    
  0.999928713    
  0.999929667    
  0.999930620    
  0.999931574    
  0.999932289    
  0.999933243    
  0.999934196    
  0.999935150    
  0.999936223    
  0.999937057    
  0.999937773    
  0.999938846    
  0.999939561    
  0.999940395    
  0.999941349    
  0.999942183    
  0.999943018    
  0.999943852    
  0.999944687    
  0.999945402    
  0.999946237    
  0.999947071    
  0.999947667    
  0.999948740    
  0.999949336    
  0.999950171    
  0.999950767    
  0.999951601    
  0.999952078    
  0.999953032    
  0.999953747    
  0.999954343    
  0.999954820    
  0.999955654    
  0.999956250    
  0.999956846    
  0.999957323    
  0.999957800    
  0.999958634    
  0.999958992    
  0.999959588    
  0.999960184    
  0.999960542    
  0.999960899    
  0.999961376    
  0.999961734    
  0.999962330    
  0.999962449    
  0.999962926    
  0.999963284    
  0.999963403    
  0.999963760    
  0.999963999    
  0.999964237    
  0.999964595    
  0.999964476    
  0.999964714    
  0.999964952    
  0.999964952    
  0.999965072    
  0.999965072    
  0.999965310    
  0.999965191    
  0.999965310    
  0.999965072    
  0.999964952    
  0.999964833    
  0.999964595    
  0.999964595    
  0.999964356    
  0.999964237    
  0.999963999    
  0.999963760    
  0.999963164    
  0.999963045    
  0.999962687    
  0.999962211    
  0.999961734    
  0.999961257    
  0.999960899    
  0.999960423    
  0.999960065    
  0.999959469    
  0.999958873    
  0.999958277    
  0.999957561    
  0.999957085    
  0.999956489    
  0.999955535    
  0.999954939    
  0.999954104    
  0.999953389    
  0.999952555    
  0.999951839    
  0.999950886    
  0.999950171    
  0.999949217    
  0.999948144    
  0.999947309    
  0.999946475    
  0.999945521    
  0.999944568    
  0.999943495    
  0.999942422    
  0.999941230    
  0.999940276    
  0.999939203    
  0.999938130    
  0.999937057    
  0.999935865    
  0.999934793    
  0.999933720    
  0.999932528    
  0.999931335    
  0.999930143    
  0.999928832    
  0.999927878    
  0.999926448    
  0.999925137    
  0.999923944    
  0.999922752    
  0.999921441    
  0.999920249    
  0.999919057    
  0.999917746    
  0.999916434    
  0.999915123    
  0.999913931    
  0.999912500    
  0.999911189    
  0.999909997    
  0.999908686    
  0.999907255    
  0.999906063    
  0.999904752    
  0.999903321    
  0.999902129    
  0.999900937    
  0.999899626    
  0.999898314    
  0.999896884    
  0.999895811    
  0.999894500    
  0.999893308    
  0.999892116    
  0.999890804    
  0.999889851    
  0.999888539    
  0.999887347    
  0.999886155    
  0.999884963    
  0.999883771    
  0.999882698    
  0.999881506    
  0.999880314    
  0.999879360    
  0.999878168    
  0.999877095    
  0.999876022    
  0.999875069    
  0.999873996    
  0.999872923    
  0.999871969    
  0.999871016    
  0.999870062    
  0.999869227    
  0.999868155    
  0.999867439    
  0.999866486    
  0.999865651    
  0.999864817    
  0.999863982    
  0.999863148    
  0.999862313    
  0.999861836    
  0.999861121    
  0.999860287    
  0.999859810    
  0.999859095    
  0.999858499    
  0.999857903    
  0.999857187    
  0.999856591    
  0.999856234    
  0.999855638    
  0.999855280    
  0.999854684    
  0.999854207    
  0.999853730    
  0.999853730    
  0.999853253    
  0.999852777    
  0.999852538    
  0.999852180    
  0.999851942    
  0.999851704    
  0.999851346    
  0.999851346    
  0.999850988    
  0.999850869    
  0.999850631    
  0.999850869    
  0.999850750    
  0.999850631    
  0.999850392    
  0.999850512    
  0.999850631    
  0.999850512    
  0.999850750    
  0.999850631    
  0.999850750    
  0.999851108    
  0.999851227    
  0.999851346    
  0.999851584    
  0.999851704    
  0.999851823    
  0.999852180    
  0.999852300    
  0.999852896    
  0.999853015    
  0.999853373    
  0.999853849    
  0.999854207    
  0.999854565    
  0.999854922    
  0.999855399    
  0.999855757    
  0.999856353    
  0.999856830    
  0.999857426    
  0.999857783    
  0.999858499    
  0.999859095    
  0.999859571    
  0.999860048    
  0.999860883    
  0.999861479    
  0.999861956    
  0.999862790    
  0.999863386    
  0.999864221    
  0.999864697    
  0.999865413    
  0.999866128    
  0.999866962    
  0.999867797    
  0.999868512    
  0.999869347    
  0.999870062    
  0.999871135    
  0.999871731    
  0.999872684    
  0.999873519    
  0.999874353    
  0.999875307    
  0.999876142    
  0.999877214    
  0.999878168    
  0.999879122    
  0.999880075    
  0.999880910    
  0.999881864    
  0.999882936    
  0.999883890    
  0.999884963    
  0.999885798    
  0.999886990    
  0.999888182    
  0.999889135    
  0.999890208    
  0.999891281    
  0.999892354    
  0.999893427    
  0.999894619    
  0.999895453    
  0.999896765    
  0.999897957    
  0.999899030    
  0.999900341    
  0.999901175    
  0.999902606    
  0.999903798    
  0.999904752    
  0.999906063    
  0.999907136    
  0.999908447    
  0.999909759    
  0.999910831    
  0.999912262    
  0.999913454    
  0.999914646    
  0.999915719    
  0.999917030    
  0.999918222    
  0.999919653    
  0.999920845    
  0.999922037    
  0.999923468    
  0.999924660    
  0.999925971    
  0.999927044    
  0.999928355    
  0.999929667    
  0.999930859    
  0.999932289    
  0.999933481    
  0.999934673    
  0.999936104    
  0.999937296    
  0.999938488    
  0.999939799    
  0.999940991    
  0.999942183    
  0.999943733    
  0.999944925    
  0.999946237    
  0.999947309    
  0.999948621    
  0.999950051    
  0.999951124    
  0.999952316    
  0.999953508    
  0.999954581    
  0.999955893    
  0.999957085    
  0.999958277    
  0.999959350    
  0.999960542    
  0.999961734    
  0.999962807    
  0.999963999    
  0.999964952    
  0.999966145    
  0.999967217    
  0.999968410    
  0.999969363    
  0.999970436    
  0.999971390    
  0.999972224    
  0.999973416    
  0.999974370    
  0.999975324    
  0.999976277    
  0.999977231    
  0.999977946    
  0.999979138    
  0.999979734    
  0.999980688    
  0.999981403    
  0.999982119    
  0.999983072    
  0.999983907    
  0.999984503    
  0.999985099    
  0.999985695    
  0.999986291    
  0.999987125    
  0.999987483    
  0.999988079    
  0.999988675    
  0.999989152    
  0.999989629    
  0.999990106    
  0.999990463    
  0.999990940    
  0.999991179    
  0.999991536    
  0.999991775    
  0.999992132    
  0.999992490    
  0.999992728    
  0.999992847    
  0.999993205    
  0.999993086    
  0.999993205    
  0.999993324    
  0.999993443    
  0.999993443    
  0.999993324    
  0.999993086    
  0.999993086    
  0.999992967    
  0.999992967    
  0.999992728    
  0.999992251    
  0.999992013    
  0.999991775    
  0.999991417    
  0.999991059    
  0.999990702    
  0.999990344    
  0.999989867    
  0.999989390    
  0.999988914    
  0.999988317    
  0.999987602    
  0.999987245    
  0.999986529    
  0.999985814    
  0.999985099    
  0.999984264    
  0.999983549    
  0.999982834    
  0.999981999    
  0.999981165    
  0.999980330    
  0.999979615    
  0.999978542    
  0.999977589    
  0.999976635    
  0.999975681    
  0.999974489    
  0.999973536    
  0.999972463    
  0.999971509    
  0.999970198    
  0.999969244    
  0.999967933    
  0.999966860    
  0.999965668    
  0.999964356    
  0.999963403    
  0.999961853    
  0.999960780    
  0.999959469    
  0.999958158    
  0.999956846    
  0.999955535    
  0.999954104    
  0.999952912    
  0.999951482    
  0.999950051    
  0.999948740    
  0.999947309    
  0.999945998    
  0.999944568    
  0.999943018    
  0.999941707    
  0.999940276    
  0.999938965    
  0.999937534    
  0.999935746    
  0.999934554    
  0.999933004    
  0.999931693    
  0.999930263    
  0.999928832    
  0.999927282    
  0.999925971    
  0.999924421    
  0.999922991    
  0.999921441    
  0.999920011    
  0.999918699    
  0.999917150    
  0.999915838    
  0.999914646    
  0.999913216    
  0.999911785    
  0.999910355    
  0.999908924    
  0.999907613    
  0.999906301    
  0.999904752    
  0.999903440    
  0.999902248    
  0.999900937    
  0.999899626    
  0.999898314    
  0.999897003    
  0.999895692    
  0.999894500    
  0.999893427    
  0.999892235    
  0.999891043    
  0.999889970    
  0.999888778    
  0.999887586    
  0.999886513    
  0.999885321    
  0.999884248    
  0.999883294    
  0.999882221    
  0.999881148    
  0.999879956    
  0.999879003    
  0.999878168    
  0.999877095    
  0.999876142    
  0.999875307    
  0.999874473    
  0.999873638    
  0.999872923    
  0.999871969    
  0.999871135    
  0.999870420    
  0.999869704    
  0.999868989    
  0.999868155    
  0.999867558    
  0.999866843    
  0.999866366    
  0.999865651    
  0.999865055    
  0.999864578    
  0.999863982    
  0.999863386    
  0.999863029    
  0.999862790    
  0.999862075    
  0.999861717    
  0.999861240    
  0.999861002    
  0.999860644    
  0.999860168    
  0.999860048    
  0.999859810    
  0.999859571    
  0.999859333    
  0.999859095    
  0.999858856    
  0.999858618    
  0.999858618    
  0.999858379    
  0.999858260    
  0.999858022    
  0.999858141    
  0.999858022    
  0.999858141    
  0.999858022    
  0.999858022    
  0.999858260    
  0.999858141    
  0.999858260    
  0.999858260    
  0.999858618    
  0.999858618    
  0.999858856    
  0.999858975    
  0.999859095    
  0.999859452    
  0.999859691    
  0.999860048    
  0.999860287    
  0.999860525    
  0.999860764    
  0.999861121    
  0.999861598    
  0.999861956    
  0.999862075    
  0.999862671    
  0.999863148    
  0.999863625    
  0.999864101    
  0.999864459    
  0.999864936    
  0.999865532    
  0.999866009    
  0.999866605    
  0.999867082    
  0.999867916    
  0.999868274    
  0.999868989    
  0.999869585    
  0.999870181    
  0.999870896    
  0.999871850    
  0.999872327    
  0.999873161    
  0.999873877    
  0.999874711    
  0.999875546    
  0.999876380    
  0.999877095    
  0.999877930    
  0.999878645    
  0.999879479    
  0.999880314    
  0.999881268    
  0.999882102    
  0.999883175    
  0.999884129    
  0.999884963    
  0.999886036    
  0.999886870    
  0.999887943    
  0.999888778    
  0.999889731    
  0.999890685    
  0.999891877    
  0.999892831    
  0.999893904    
  0.999894977    
  0.999895930    
  0.999897242    
  0.999898434    
  0.999899387    
  0.999900579    
  0.999901652    
  0.999902844    
  0.999903917    
  0.999905109    
  0.999906301    
  0.999907494    
  0.999908686    
  0.999909759    
  0.999910951    
  0.999912262    
  0.999913454    
  0.999914765    
  0.999916077    
  0.999917269    
  0.999918461    
  0.999919534    
  0.999920964    
  0.999922276    
  0.999923468    
  0.999924779    
  0.999925971    
  0.999927163    
  0.999928594    
  0.999929786    
  0.999931097    
  0.999932408    
  0.999933600    
  0.999934912    
  0.999936342    
  0.999937534    
  0.999938607    
  0.999940038    
  0.999941111    
  0.999942541    
  0.999943852    
  0.999945164    
  0.999946356    
  0.999947548    
  0.999948621    
  0.999949932    
  0.999951243    
  0.999952435    
  0.999953747    
  0.999954820    
  0.999956012    
  0.999957204    
  0.999958396    
  0.999959350    
  0.999960661    
  0.999961734    
  0.999962687    
  0.999963760    
  0.999964833    
  0.999966025    
  0.999967098    
  0.999968052    
  0.999969363    
  0.999970078    
  0.999971151    
  0.999971986    
  0.999972939    
  0.999974012    
  0.999974608    
  0.999975562    
  0.999976635    
  0.999977231    
  0.999978065    
  0.999979019    
  0.999979615    
  0.999980330    
  0.999980927    
  0.999981642    
  0.999982476    
  0.999983072    
  0.999983549    
  0.999984145    
  0.999984741    
  0.999985099    
  0.999985695    
  0.999986053    
  0.999986529    
  0.999987006    
  0.999987364    
  0.999987721    
  0.999988198    
  0.999988317    
  0.999988317    
  0.999988675    
  0.999988914    
  0.999989033    
  0.999989152    
  0.999989271    
  0.999989390    
  0.999989510    
  0.999989390    
  0.999989271    
  0.999989152    
  0.999989152    
  0.999988914    
  0.999988914    
  0.999988794    
  0.999988556    
  0.999988198    
  0.999988079    
  0.999987602    
  0.999987245    
  0.999986768    
  0.999986410    
  0.999986053    
  0.999985576    
  0.999984860    
  0.999984503    
  0.999984026    
  0.999983430    
  0.999982834    
  0.999981999    
  0.999981284    
  0.999980688    
  0.999979973    
  0.999979258    
  0.999978423    
  0.999977350    
  0.999976873    
  0.999975920    
  0.999975085    
  0.999974132    
  0.999973178    
  0.999972224    
  0.999971390    
  0.999970198    
  0.999969125    
  0.999968171    
  0.999967098    
  0.999965906    
  0.999964833    
  0.999963641    
  0.999962687    
  0.999961615    
  0.999960423    
  0.999959230    
  0.999957919    
  0.999956727    
  0.999955654    
  0.999954224    
  0.999952912    
  0.999951720    
  0.999950409    
  0.999949217    
  0.999947786    
  0.999946475    
  0.999945164    
  0.999943852    
  0.999942541    
  0.999941111    
  0.999939919    
  0.999938488    
  0.999937296    
  0.999935746    
  0.999934435    
  0.999933004    
  0.999931693    
  0.999930263    
  0.999928832    
  0.999927640    
  0.999926090    
  0.999924779    
  0.999923468    
  0.999922395    
  0.999920845    
  0.999919653    
  0.999918222    
  0.999916792    
  0.999915600    
  0.999914050    
  0.999912977    
  0.999911547    
  0.999910235    
  0.999908924    
  0.999907732    
  0.999906182    
  0.999904871    
  0.999903798    
  0.999902606    
  0.999901295    
  0.999899983    
  0.999898791    
  0.999897599    
  0.999896646    
  0.999895215    
  0.999894023    
  0.999892950    
  0.999891877    
  0.999890685    
  0.999889612    
  0.999888539    
  0.999887466    
  0.999886513    
  0.999885201    
  0.999884367    
  0.999883294    
  0.999882579    
  0.999881387    
  0.999880433    
  0.999879599    
  0.999878645    
  0.999877810    
  0.999876738    
  0.999875903    
  0.999875069    
  0.999874115    
  0.999873281    
  0.999872327    
  0.999871731    
  0.999870896    
  0.999870181    
  0.999869585    
  0.999868751    
  0.999868155    
  0.999867558    
  0.999866605    
  0.999866247    
  0.999865532    
  0.999864936    
  0.999864340    
  0.999863744    
  0.999863148    
  0.999862790    
  0.999862194    
  0.999861717    
  0.999861121    
  0.999860883    
  0.999860287    
  0.999859929    
  0.999859452    
  0.999859214    
  0.999858856    
  0.999858499    
  0.999858022    
  0.999857783    
  0.999857545    
  0.999857306    
  0.999856949    
  0.999856710    
  0.999856591    
  0.999856472    
  0.999856353    
  0.999855876    
  0.999855757    
  0.999855757    
  0.999855518    
  0.999855518    
  0.999855518    
  0.999855518    
  0.999855399    
  0.999855399    
  0.999855399    
  0.999855280    
  0.999855399    
  0.999855518    
  0.999855518    
  0.999855518    
  0.999855638    
  0.999855757    
  0.999856114    
  0.999855995    
  0.999856114    
  0.999856353    
  0.999856710    
  0.999856830    
  0.999856949    
  0.999857187    
  0.999857664    
  0.999858022    
  0.999858260    
  0.999858260    
  0.999858618    
  0.999858975    
  0.999859452    
  0.999859810    
  0.999860168    
  0.999860644    
  0.999861002    
  0.999861479    
  0.999861836    
  0.999862194    
  0.999862909    
  0.999863386    
  0.999863982    
  0.999864578    
  0.999864936    
  0.999865651    
  0.999866247    
  0.999866724    
  0.999867439    
  0.999868035    
  0.999868631    
  0.999869466    
  0.999869943    
  0.999870777    
  0.999871492    
  0.999872208    
  0.999872804    
  0.999873638    
  0.999874473    
  0.999875188    
  0.999875903    
  0.999876976    
  0.999877691    
  0.999878645    
  0.999879360    
  0.999880314    
  0.999881029    
  0.999881983    
  0.999882817    
  0.999883890    
  0.999884605    
  0.999885678    
  0.999886751    
  0.999887586    
  0.999888659    
  0.999889731    
  0.999890447    
  0.999891400    
  0.999892473    
  0.999893546    
  0.999894619    
  0.999895692    
  0.999896646    
  0.999897599    
  0.999898791    
  0.999899864    
  0.999901056    
  0.999902010    
  0.999903083    
  0.999903917    
  0.999905109    
  0.999906301    
  0.999907494    
  0.999908566    
  0.999909520    
  0.999910593    
  0.999911785    
  0.999912977    
  0.999914050    
  0.999915123    
  0.999916315    
  0.999917269    
  0.999918461    
  0.999919653    
  0.999920487    
  0.999921679    
  0.999922752    
  0.999923825    
  0.999924898    
  0.999925971    
  0.999927044    
  0.999928117    
  0.999929190    
  0.999930143    
  0.999931335    
  0.999932170    
  0.999933243    
  0.999934196    
  0.999935269    
  0.999936342    
  0.999937296    
  0.999938250    
  0.999939084    
  0.999939919    
  0.999940872    
  0.999941826    
  0.999942780    
  0.999943614    
  0.999944448    
  0.999945283    
  0.999946117    
  0.999946833    
  0.999947548    
  0.999948144    
  0.999948978    
  0.999949694    
  0.999950409    
  0.999951124    
  0.999951601    
  0.999952316    
  0.999952912    
  0.999953508    
  0.999954104    
  0.999954700    
  0.999955058    
  0.999955893    
  0.999956131    
  0.999956608    
  0.999957085    
  0.999957323    
  0.999957919    
  0.999958038    
  0.999958396    
  0.999958873    
  0.999959111    
  0.999959350    
  0.999959111    
  0.999959350    
  0.999959469    
  0.999959707    
  0.999959826    
  0.999959946    
  0.999959946    
  0.999959946    
  0.999959946    
  0.999959946    
  0.999959946    
  0.999959826    
  0.999959469    
  0.999959350    
  0.999959350    
  0.999959111    
  0.999958873    
  0.999958634    
  0.999958396    
  0.999958158    
  0.999957919    
  0.999957561    
  0.999957085    
  0.999956727    
  0.999956250    
  0.999955893    
  0.999955297    
  0.999954820    
  0.999954343    
  0.999953747    
  0.999953151    
  0.999952674    
  0.999951959    
  0.999951482    
  0.999950886    
  0.999950171    
  0.999949574    
  0.999948740    
  0.999948144    
  0.999947309    
  0.999946475    
  0.999945879    
  0.999945164    
  0.999944091    
  0.999943376    
  0.999942422    
  0.999941826    
  0.999940872    
  0.999940038    
  0.999939084    
  0.999938250    
  0.999937177    
  0.999936342    
  0.999935389    
  0.999934673    
  0.999933600    
  0.999932766    
  0.999931812    
  0.999930739    
  0.999929905    
  0.999928713    
  0.999927878    
  0.999926805    
  0.999925852    
  0.999924898    
  0.999923944    
  0.999922872    
  0.999921918    
  0.999920845    
  0.999919891    
  0.999918938    
  0.999917746    
  0.999916792    
  0.999915838    
  0.999914765    
  0.999913931    
  0.999912858    
  0.999911904    
  0.999910951    
  0.999909878    
  0.999908924    
  0.999907970    
  0.999906898    
  0.999905944    
  0.999905109    
  0.999904156    
  0.999903083    
  0.999902248    
  0.999901175    
  0.999900460    
  0.999899387    
  0.999898553    
  0.999897599    
  0.999896765    
  0.999896049    
  0.999895096    
  0.999894142    
  0.999893308    
  0.999892473    
  0.999891758    
  0.999890924    
  0.999890089    
  0.999889374    
  0.999888539    
  0.999887705    
  0.999886990    
  0.999886274    
  0.999885559    
  0.999884725    
  0.999884129    
  0.999883294    
  0.999882698    
  0.999882460    
  0.999881506    
  0.999880910    
  0.999880314    
  0.999879718    
  0.999879241    
  0.999878407    
  0.999877930    
  0.999877453    
  0.999876857    
  0.999876380    
  0.999875903    
  0.999875307    
  0.999874949    
  0.999874353    
  0.999873877    
  0.999873519    
  0.999872923    
  0.999872804    
  0.999872327    
  0.999871969    
  0.999871612    
  0.999871135    
  0.999870896    
  0.999870420    
  0.999870181    
  0.999869823    
  0.999869466    
  0.999869108    
  0.999868870    
  0.999868393    
  0.999868274    
  0.999868274    
  0.999868155    
  0.999867916    
  0.999867558    
  0.999867558    
  0.999867201    
  0.999867201    
  0.999866962    
  0.999866843    
  0.999866724    
  0.999866605    
  0.999866486    
  0.999866486    
  0.999866486    
  0.999866247    
  0.999866366    
  0.999866366    
  0.999866247    
  0.999866366    
  0.999866247    
  0.999866247    
  0.999866486    
  0.999866366    
  0.999866486    
  0.999866486    
  0.999866486    
  0.999866724    
  0.999866605    
  0.999866962    
  0.999866962    
  0.999867201    
  0.999867320    
  0.999867439    
  0.999867678    
  0.999867797    
  0.999868155    
  0.999868155    
  0.999868393    
  0.999868512    
  0.999868989    
  0.999869108    
  0.999869585    
  0.999869704    
  0.999870062    
  0.999870181    
  0.999870777    
  0.999871254    
  0.999871492    
  0.999871850    
  0.999872327    
  0.999872446    
  0.999873042    
  0.999873400    
  0.999873638    
  0.999874234    
  0.999874711    
  0.999875069    
  0.999875546    
  0.999875903    
  0.999876380    
  0.999876857    
  0.999877453    
  0.999878049    
  0.999878645    
  0.999879003    
  0.999879599    
  0.999880195    
  0.999880910    
  0.999881506    
  0.999882102    
  0.999882698    
  0.999883294    
  0.999883890    
  0.999884605    
  0.999885201    
  0.999885917    
  0.999886394    
  0.999887228    
  0.999887824    
  0.999888539    
  0.999889493    
  0.999890089    
  0.999891043    
  0.999891758    
  0.999892354    
  0.999893069    
  0.999893904    
  0.999894738    
  0.999895573    
  0.999896288    
  0.999897003    
  0.999897838    
